run	year	lct	area
1	1	crop	2032900
1	1	grass	222400
1	1	oak	2368600
1	1	pine	1048800
1	1	shrub	829100
1	1	urban	35700
1	1	water	443900
1	2	crop	2032700
1	2	grass	222400
1	2	oak	2365100
1	2	pine	1047200
1	2	shrub	828300
1	2	urban	35700
1	2	water	443900
1	3	crop	2019200
1	3	grass	221800
1	3	oak	2368300
1	3	pine	1035500
1	3	shrub	822900
1	3	urban	35700
1	3	water	443900
1	4	crop	2012600
1	4	grass	219500
1	4	oak	2339200
1	4	pine	1017300
1	4	shrub	822400
1	4	urban	35700
1	4	water	443900
1	5	crop	2035400
1	5	grass	219400
1	5	oak	2371000
1	5	pine	1050000
1	5	shrub	828700
1	5	urban	35700
1	5	water	443900
1	6	crop	2034500
1	6	grass	221400
1	6	oak	2372300
1	6	pine	1047600
1	6	shrub	829900
1	6	urban	35700
1	6	water	443900
1	7	crop	2011300
1	7	grass	220900
1	7	oak	2332900
1	7	pine	1009500
1	7	shrub	822900
1	7	urban	35700
1	7	water	443900
1	8	crop	2040500
1	8	grass	222700
1	8	oak	2377300
1	8	pine	1052900
1	8	shrub	829900
1	8	urban	35700
1	8	water	443900
1	9	crop	2034100
1	9	grass	222800
1	9	oak	2375700
1	9	pine	1051100
1	9	shrub	828300
1	9	urban	35700
1	9	water	443900
1	10	crop	2038000
1	10	grass	222100
1	10	oak	2374500
1	10	pine	1049500
1	10	shrub	828900
1	10	urban	35700
1	10	water	443900
1	11	crop	2040100
1	11	grass	222600
1	11	oak	2375600
1	11	pine	1053100
1	11	shrub	830400
1	11	urban	35700
1	11	water	443900
1	12	crop	2041700
1	12	grass	222800
1	12	oak	2376400
1	12	pine	1054100
1	12	shrub	830400
1	12	urban	35700
1	12	water	443900
1	13	crop	2034400
1	13	grass	221900
1	13	oak	2366600
1	13	pine	1044400
1	13	shrub	828700
1	13	urban	35700
1	13	water	443900
1	14	crop	2033500
1	14	grass	222000
1	14	oak	2372700
1	14	pine	1050300
1	14	shrub	828700
1	14	urban	35700
1	14	water	443900
1	15	crop	2031000
1	15	grass	221800
1	15	oak	2366800
1	15	pine	1041200
1	15	shrub	828600
1	15	urban	35700
1	15	water	443900
1	16	crop	2031100
1	16	grass	221100
1	16	oak	2365300
1	16	pine	1046600
1	16	shrub	828100
1	16	urban	35700
1	16	water	443900
1	17	crop	2037700
1	17	grass	222400
1	17	oak	2373700
1	17	pine	1051800
1	17	shrub	830100
1	17	urban	35700
1	17	water	443900
1	18	crop	2031600
1	18	grass	221600
1	18	oak	2365200
1	18	pine	1047500
1	18	shrub	828900
1	18	urban	35700
1	18	water	443900
1	19	crop	2021900
1	19	grass	221100
1	19	oak	2352700
1	19	pine	1032000
1	19	shrub	827400
1	19	urban	35700
1	19	water	443900
1	20	crop	2031600
1	20	grass	222700
1	20	oak	2374200
1	20	pine	1043300
1	20	shrub	825600
1	20	urban	35700
1	20	water	443900
2	1	crop	2026800
2	1	grass	220900
2	1	oak	2368600
2	1	pine	1041900
2	1	shrub	827100
2	1	urban	35700
2	1	water	443900
2	2	crop	2033900
2	2	grass	220700
2	2	oak	2370300
2	2	pine	1050600
2	2	shrub	829900
2	2	urban	35700
2	2	water	443900
2	3	crop	2027900
2	3	grass	220500
2	3	oak	2366900
2	3	pine	1045000
2	3	shrub	828100
2	3	urban	35700
2	3	water	443900
2	4	crop	2020100
2	4	grass	222000
2	4	oak	2366400
2	4	pine	1038800
2	4	shrub	821500
2	4	urban	35700
2	4	water	443900
2	5	crop	2036000
2	5	grass	222200
2	5	oak	2372100
2	5	pine	1052200
2	5	shrub	829400
2	5	urban	35700
2	5	water	443900
2	6	crop	2033100
2	6	grass	220400
2	6	oak	2370500
2	6	pine	1051900
2	6	shrub	830000
2	6	urban	35700
2	6	water	443900
2	7	crop	2029700
2	7	grass	222700
2	7	oak	2367000
2	7	pine	1029100
2	7	shrub	825800
2	7	urban	35700
2	7	water	443900
2	8	crop	2006700
2	8	grass	217500
2	8	oak	2340600
2	8	pine	1015300
2	8	shrub	821200
2	8	urban	35700
2	8	water	443900
2	9	crop	2038400
2	9	grass	222700
2	9	oak	2375000
2	9	pine	1049500
2	9	shrub	829700
2	9	urban	35700
2	9	water	443900
2	10	crop	2039500
2	10	grass	222200
2	10	oak	2373200
2	10	pine	1052000
2	10	shrub	829300
2	10	urban	35700
2	10	water	443900
2	11	crop	2028200
2	11	grass	221300
2	11	oak	2368500
2	11	pine	1045000
2	11	shrub	827200
2	11	urban	35700
2	11	water	443900
2	12	crop	2018200
2	12	grass	221300
2	12	oak	2359200
2	12	pine	1031600
2	12	shrub	825500
2	12	urban	35700
2	12	water	443900
2	13	crop	2036500
2	13	grass	222200
2	13	oak	2375100
2	13	pine	1051000
2	13	shrub	829800
2	13	urban	35700
2	13	water	443900
2	14	crop	2039500
2	14	grass	222800
2	14	oak	2373700
2	14	pine	1051900
2	14	shrub	829400
2	14	urban	35700
2	14	water	443900
2	15	crop	2029900
2	15	grass	221100
2	15	oak	2364000
2	15	pine	1045200
2	15	shrub	828400
2	15	urban	35700
2	15	water	443900
2	16	crop	2013600
2	16	grass	221300
2	16	oak	2341600
2	16	pine	1014200
2	16	shrub	823300
2	16	urban	35700
2	16	water	443900
2	17	crop	2025600
2	17	grass	222000
2	17	oak	2361900
2	17	pine	1034900
2	17	shrub	826500
2	17	urban	35700
2	17	water	443900
2	18	crop	2032400
2	18	grass	222600
2	18	oak	2371500
2	18	pine	1050500
2	18	shrub	829100
2	18	urban	35700
2	18	water	443900
2	19	crop	2023900
2	19	grass	221300
2	19	oak	2365400
2	19	pine	1037800
2	19	shrub	827400
2	19	urban	35700
2	19	water	443900
2	20	crop	2030200
2	20	grass	222100
2	20	oak	2360700
2	20	pine	1043000
2	20	shrub	828400
2	20	urban	35700
2	20	water	443900
3	1	crop	2040700
3	1	grass	222700
3	1	oak	2374300
3	1	pine	1052000
3	1	shrub	830400
3	1	urban	35700
3	1	water	443900
3	2	crop	2031800
3	2	grass	222200
3	2	oak	2366200
3	2	pine	1046500
3	2	shrub	828000
3	2	urban	35700
3	2	water	443900
3	3	crop	2023500
3	3	grass	221900
3	3	oak	2364200
3	3	pine	1035300
3	3	shrub	825800
3	3	urban	35700
3	3	water	443900
3	4	crop	2022000
3	4	grass	216400
3	4	oak	2355200
3	4	pine	1048200
3	4	shrub	828200
3	4	urban	35700
3	4	water	443900
3	5	crop	2037800
3	5	grass	222300
3	5	oak	2373800
3	5	pine	1052700
3	5	shrub	830600
3	5	urban	35700
3	5	water	443900
3	6	crop	1988300
3	6	grass	219700
3	6	oak	2325900
3	6	pine	999600
3	6	shrub	818700
3	6	urban	35700
3	6	water	443900
3	7	crop	2014900
3	7	grass	219600
3	7	oak	2347800
3	7	pine	1026500
3	7	shrub	825300
3	7	urban	35700
3	7	water	443900
3	8	crop	2028000
3	8	grass	222100
3	8	oak	2359400
3	8	pine	1037800
3	8	shrub	825600
3	8	urban	35700
3	8	water	443900
3	9	crop	2038000
3	9	grass	222500
3	9	oak	2372900
3	9	pine	1050500
3	9	shrub	829600
3	9	urban	35700
3	9	water	443900
3	10	crop	2034000
3	10	grass	221900
3	10	oak	2373600
3	10	pine	1050500
3	10	shrub	829100
3	10	urban	35700
3	10	water	443900
3	11	crop	2039000
3	11	grass	222800
3	11	oak	2376500
3	11	pine	1052400
3	11	shrub	830000
3	11	urban	35700
3	11	water	443900
3	12	crop	2030100
3	12	grass	220800
3	12	oak	2371200
3	12	pine	1046900
3	12	shrub	828000
3	12	urban	35700
3	12	water	443900
3	13	crop	2006300
3	13	grass	218100
3	13	oak	2334800
3	13	pine	1012700
3	13	shrub	819000
3	13	urban	35700
3	13	water	443900
3	14	crop	2038300
3	14	grass	222100
3	14	oak	2372300
3	14	pine	1052600
3	14	shrub	830400
3	14	urban	35700
3	14	water	443900
3	15	crop	2035200
3	15	grass	222000
3	15	oak	2371100
3	15	pine	1049600
3	15	shrub	828900
3	15	urban	35700
3	15	water	443900
3	16	crop	2018300
3	16	grass	222000
3	16	oak	2370300
3	16	pine	1042100
3	16	shrub	825100
3	16	urban	35700
3	16	water	443900
3	17	crop	2029600
3	17	grass	221200
3	17	oak	2366900
3	17	pine	1044600
3	17	shrub	828000
3	17	urban	35700
3	17	water	443900
3	18	crop	2037200
3	18	grass	222500
3	18	oak	2374300
3	18	pine	1053600
3	18	shrub	829900
3	18	urban	35700
3	18	water	443900
3	19	crop	2040100
3	19	grass	222600
3	19	oak	2376400
3	19	pine	1052500
3	19	shrub	830600
3	19	urban	35700
3	19	water	443900
3	20	crop	2034200
3	20	grass	222000
3	20	oak	2372600
3	20	pine	1050500
3	20	shrub	829500
3	20	urban	35700
3	20	water	443900
4	1	crop	2009200
4	1	grass	219300
4	1	oak	2337200
4	1	pine	1011600
4	1	shrub	821600
4	1	urban	35700
4	1	water	443900
4	2	crop	2032900
4	2	grass	222000
4	2	oak	2364700
4	2	pine	1043800
4	2	shrub	828100
4	2	urban	35700
4	2	water	443900
4	3	crop	2038600
4	3	grass	222800
4	3	oak	2374900
4	3	pine	1053300
4	3	shrub	830300
4	3	urban	35700
4	3	water	443900
4	4	crop	2039000
4	4	grass	222200
4	4	oak	2376600
4	4	pine	1053100
4	4	shrub	830200
4	4	urban	35700
4	4	water	443900
4	5	crop	2021600
4	5	grass	219900
4	5	oak	2353000
4	5	pine	1039800
4	5	shrub	827100
4	5	urban	35700
4	5	water	443900
4	6	crop	1989300
4	6	grass	216300
4	6	oak	2319700
4	6	pine	1007100
4	6	shrub	818900
4	6	urban	35700
4	6	water	443900
4	7	crop	2030500
4	7	grass	222400
4	7	oak	2368000
4	7	pine	1041900
4	7	shrub	827300
4	7	urban	35700
4	7	water	443900
4	8	crop	2026400
4	8	grass	220900
4	8	oak	2371500
4	8	pine	1046000
4	8	shrub	825300
4	8	urban	35700
4	8	water	443900
4	9	crop	2032600
4	9	grass	221000
4	9	oak	2369800
4	9	pine	1046400
4	9	shrub	828500
4	9	urban	35700
4	9	water	443900
4	10	crop	2009400
4	10	grass	221200
4	10	oak	2352100
4	10	pine	1027700
4	10	shrub	823700
4	10	urban	35700
4	10	water	443900
4	11	crop	2016800
4	11	grass	218100
4	11	oak	2353500
4	11	pine	1035400
4	11	shrub	825800
4	11	urban	35700
4	11	water	443900
4	12	crop	2039100
4	12	grass	222500
4	12	oak	2375500
4	12	pine	1053400
4	12	shrub	830200
4	12	urban	35700
4	12	water	443900
4	13	crop	2035800
4	13	grass	222500
4	13	oak	2374700
4	13	pine	1052100
4	13	shrub	829600
4	13	urban	35700
4	13	water	443900
4	14	crop	2024700
4	14	grass	222200
4	14	oak	2369500
4	14	pine	1040900
4	14	shrub	826100
4	14	urban	35700
4	14	water	443900
4	15	crop	2035600
4	15	grass	221800
4	15	oak	2368700
4	15	pine	1049400
4	15	shrub	829600
4	15	urban	35700
4	15	water	443900
4	16	crop	2038300
4	16	grass	222200
4	16	oak	2373200
4	16	pine	1051500
4	16	shrub	829600
4	16	urban	35700
4	16	water	443900
4	17	crop	2008700
4	17	grass	218100
4	17	oak	2345500
4	17	pine	1024900
4	17	shrub	825000
4	17	urban	35700
4	17	water	443900
4	18	crop	1983100
4	18	grass	219200
4	18	oak	2326300
4	18	pine	991900
4	18	shrub	817300
4	18	urban	35700
4	18	water	443900
4	19	crop	2039400
4	19	grass	222800
4	19	oak	2373200
4	19	pine	1053200
4	19	shrub	830500
4	19	urban	35700
4	19	water	443900
4	20	crop	2036500
4	20	grass	221900
4	20	oak	2369700
4	20	pine	1046600
4	20	shrub	829900
4	20	urban	35700
4	20	water	443900
5	1	crop	2038100
5	1	grass	222100
5	1	oak	2372700
5	1	pine	1048600
5	1	shrub	829900
5	1	urban	35700
5	1	water	443900
5	2	crop	2031800
5	2	grass	222300
5	2	oak	2367700
5	2	pine	1045800
5	2	shrub	828700
5	2	urban	35700
5	2	water	443900
5	3	crop	2031200
5	3	grass	222200
5	3	oak	2369800
5	3	pine	1050400
5	3	shrub	829200
5	3	urban	35700
5	3	water	443900
5	4	crop	2037500
5	4	grass	221900
5	4	oak	2374300
5	4	pine	1054000
5	4	shrub	830400
5	4	urban	35700
5	4	water	443900
5	5	crop	2037500
5	5	grass	222700
5	5	oak	2371100
5	5	pine	1048300
5	5	shrub	828900
5	5	urban	35700
5	5	water	443900
5	6	crop	2035000
5	6	grass	221700
5	6	oak	2372700
5	6	pine	1049400
5	6	shrub	829200
5	6	urban	35700
5	6	water	443900
5	7	crop	2038900
5	7	grass	222600
5	7	oak	2375500
5	7	pine	1053200
5	7	shrub	830100
5	7	urban	35700
5	7	water	443900
5	8	crop	2034700
5	8	grass	222600
5	8	oak	2369200
5	8	pine	1045400
5	8	shrub	828900
5	8	urban	35700
5	8	water	443900
5	9	crop	2028800
5	9	grass	221600
5	9	oak	2362200
5	9	pine	1041800
5	9	shrub	827500
5	9	urban	35700
5	9	water	443900
5	10	crop	2032100
5	10	grass	221800
5	10	oak	2370600
5	10	pine	1044100
5	10	shrub	827300
5	10	urban	35700
5	10	water	443900
5	11	crop	2030200
5	11	grass	221600
5	11	oak	2362300
5	11	pine	1039300
5	11	shrub	828100
5	11	urban	35700
5	11	water	443900
5	12	crop	2040700
5	12	grass	222100
5	12	oak	2376200
5	12	pine	1054700
5	12	shrub	830500
5	12	urban	35700
5	12	water	443900
5	13	crop	2016400
5	13	grass	218000
5	13	oak	2362100
5	13	pine	1045700
5	13	shrub	827100
5	13	urban	35700
5	13	water	443900
5	14	crop	2039400
5	14	grass	222600
5	14	oak	2372000
5	14	pine	1052400
5	14	shrub	830300
5	14	urban	35700
5	14	water	443900
5	15	crop	2015300
5	15	grass	220400
5	15	oak	2351400
5	15	pine	1029100
5	15	shrub	825600
5	15	urban	35700
5	15	water	443900
5	16	crop	2040300
5	16	grass	222700
5	16	oak	2375100
5	16	pine	1051400
5	16	shrub	829900
5	16	urban	35700
5	16	water	443900
5	17	crop	2036400
5	17	grass	222500
5	17	oak	2374500
5	17	pine	1050500
5	17	shrub	828400
5	17	urban	35700
5	17	water	443900
5	18	crop	2036300
5	18	grass	222300
5	18	oak	2373500
5	18	pine	1051900
5	18	shrub	829700
5	18	urban	35700
5	18	water	443900
5	19	crop	2014000
5	19	grass	221200
5	19	oak	2367000
5	19	pine	1036000
5	19	shrub	822400
5	19	urban	35700
5	19	water	443900
5	20	crop	2012100
5	20	grass	218200
5	20	oak	2357200
5	20	pine	1040500
5	20	shrub	825000
5	20	urban	35700
5	20	water	443900
6	1	crop	2016300
6	1	grass	219300
6	1	oak	2348600
6	1	pine	1030900
6	1	shrub	825800
6	1	urban	35700
6	1	water	443900
6	2	crop	2027300
6	2	grass	222300
6	2	oak	2366700
6	2	pine	1042500
6	2	shrub	827900
6	2	urban	35700
6	2	water	443900
6	3	crop	2035300
6	3	grass	222400
6	3	oak	2368700
6	3	pine	1045600
6	3	shrub	828500
6	3	urban	35700
6	3	water	443900
6	4	crop	2033100
6	4	grass	221500
6	4	oak	2372700
6	4	pine	1049700
6	4	shrub	829200
6	4	urban	35700
6	4	water	443900
6	5	crop	2009900
6	5	grass	219700
6	5	oak	2340100
6	5	pine	1014200
6	5	shrub	822000
6	5	urban	35700
6	5	water	443900
6	6	crop	2014300
6	6	grass	219200
6	6	oak	2339000
6	6	pine	1017500
6	6	shrub	825600
6	6	urban	35700
6	6	water	443900
6	7	crop	2036600
6	7	grass	221700
6	7	oak	2373000
6	7	pine	1051200
6	7	shrub	830100
6	7	urban	35700
6	7	water	443900
6	8	crop	2033100
6	8	grass	222400
6	8	oak	2371800
6	8	pine	1050300
6	8	shrub	829600
6	8	urban	35700
6	8	water	443900
6	9	crop	2038500
6	9	grass	222200
6	9	oak	2374500
6	9	pine	1054200
6	9	shrub	829600
6	9	urban	35700
6	9	water	443900
6	10	crop	2040100
6	10	grass	222800
6	10	oak	2376300
6	10	pine	1054000
6	10	shrub	830000
6	10	urban	35700
6	10	water	443900
6	11	crop	2034300
6	11	grass	220600
6	11	oak	2370900
6	11	pine	1052100
6	11	shrub	828300
6	11	urban	35700
6	11	water	443900
6	12	crop	2038400
6	12	grass	222000
6	12	oak	2374100
6	12	pine	1052000
6	12	shrub	829800
6	12	urban	35700
6	12	water	443900
6	13	crop	2032000
6	13	grass	222500
6	13	oak	2371200
6	13	pine	1050900
6	13	shrub	828800
6	13	urban	35700
6	13	water	443900
6	14	crop	2029300
6	14	grass	221800
6	14	oak	2370000
6	14	pine	1047300
6	14	shrub	828500
6	14	urban	35700
6	14	water	443900
6	15	crop	2031600
6	15	grass	221900
6	15	oak	2371000
6	15	pine	1050800
6	15	shrub	829600
6	15	urban	35700
6	15	water	443900
6	16	crop	2039200
6	16	grass	220400
6	16	oak	2374400
6	16	pine	1052500
6	16	shrub	830200
6	16	urban	35700
6	16	water	443900
6	17	crop	2012600
6	17	grass	220700
6	17	oak	2367400
6	17	pine	1035600
6	17	shrub	823200
6	17	urban	35700
6	17	water	443900
6	18	crop	2040900
6	18	grass	222800
6	18	oak	2376700
6	18	pine	1054200
6	18	shrub	830600
6	18	urban	35700
6	18	water	443900
6	19	crop	2037200
6	19	grass	221800
6	19	oak	2373400
6	19	pine	1051700
6	19	shrub	829900
6	19	urban	35700
6	19	water	443900
6	20	crop	2025600
6	20	grass	222200
6	20	oak	2368500
6	20	pine	1041200
6	20	shrub	825600
6	20	urban	35700
6	20	water	443900
7	1	crop	2041400
7	1	grass	222700
7	1	oak	2375500
7	1	pine	1053400
7	1	shrub	830300
7	1	urban	35700
7	1	water	443900
7	2	crop	2034100
7	2	grass	222300
7	2	oak	2373600
7	2	pine	1049100
7	2	shrub	829000
7	2	urban	35700
7	2	water	443900
7	3	crop	2027400
7	3	grass	221300
7	3	oak	2358600
7	3	pine	1036000
7	3	shrub	826600
7	3	urban	35700
7	3	water	443900
7	4	crop	2039600
7	4	grass	222400
7	4	oak	2374900
7	4	pine	1050800
7	4	shrub	829700
7	4	urban	35700
7	4	water	443900
7	5	crop	2024100
7	5	grass	221100
7	5	oak	2356700
7	5	pine	1035500
7	5	shrub	825400
7	5	urban	35700
7	5	water	443900
7	6	crop	2040000
7	6	grass	222600
7	6	oak	2372700
7	6	pine	1051800
7	6	shrub	829700
7	6	urban	35700
7	6	water	443900
7	7	crop	2034000
7	7	grass	221800
7	7	oak	2368300
7	7	pine	1044900
7	7	shrub	828500
7	7	urban	35700
7	7	water	443900
7	8	crop	2039900
7	8	grass	222500
7	8	oak	2376000
7	8	pine	1052900
7	8	shrub	830100
7	8	urban	35700
7	8	water	443900
7	9	crop	2031500
7	9	grass	222300
7	9	oak	2367700
7	9	pine	1042500
7	9	shrub	828800
7	9	urban	35700
7	9	water	443900
7	10	crop	2026200
7	10	grass	221800
7	10	oak	2360500
7	10	pine	1040200
7	10	shrub	829200
7	10	urban	35700
7	10	water	443900
7	11	crop	2033600
7	11	grass	222700
7	11	oak	2368300
7	11	pine	1048000
7	11	shrub	828600
7	11	urban	35700
7	11	water	443900
7	12	crop	2026200
7	12	grass	220500
7	12	oak	2360300
7	12	pine	1040100
7	12	shrub	827100
7	12	urban	35700
7	12	water	443900
7	13	crop	2035300
7	13	grass	222200
7	13	oak	2370800
7	13	pine	1050700
7	13	shrub	830100
7	13	urban	35700
7	13	water	443900
7	14	crop	2036600
7	14	grass	221500
7	14	oak	2370100
7	14	pine	1050600
7	14	shrub	829400
7	14	urban	35700
7	14	water	443900
7	15	crop	2026200
7	15	grass	220600
7	15	oak	2351500
7	15	pine	1031400
7	15	shrub	827000
7	15	urban	35700
7	15	water	443900
7	16	crop	2026100
7	16	grass	221800
7	16	oak	2360200
7	16	pine	1037500
7	16	shrub	826400
7	16	urban	35700
7	16	water	443900
7	17	crop	2038900
7	17	grass	221600
7	17	oak	2374600
7	17	pine	1052900
7	17	shrub	830000
7	17	urban	35700
7	17	water	443900
7	18	crop	2034400
7	18	grass	221500
7	18	oak	2366000
7	18	pine	1047300
7	18	shrub	828300
7	18	urban	35700
7	18	water	443900
7	19	crop	2030600
7	19	grass	221600
7	19	oak	2372400
7	19	pine	1049000
7	19	shrub	828200
7	19	urban	35700
7	19	water	443900
7	20	crop	2027100
7	20	grass	222100
7	20	oak	2369400
7	20	pine	1045300
7	20	shrub	828100
7	20	urban	35700
7	20	water	443900
8	1	crop	2040200
8	1	grass	222200
8	1	oak	2375600
8	1	pine	1052500
8	1	shrub	830200
8	1	urban	35700
8	1	water	443900
8	2	crop	2027500
8	2	grass	220500
8	2	oak	2365500
8	2	pine	1041800
8	2	shrub	827500
8	2	urban	35700
8	2	water	443900
8	3	crop	2037700
8	3	grass	222800
8	3	oak	2373400
8	3	pine	1050000
8	3	shrub	829400
8	3	urban	35700
8	3	water	443900
8	4	crop	2017900
8	4	grass	221500
8	4	oak	2357800
8	4	pine	1028200
8	4	shrub	824500
8	4	urban	35700
8	4	water	443900
8	5	crop	2026200
8	5	grass	220600
8	5	oak	2366900
8	5	pine	1045800
8	5	shrub	828200
8	5	urban	35700
8	5	water	443900
8	6	crop	2033200
8	6	grass	222200
8	6	oak	2366900
8	6	pine	1042900
8	6	shrub	828200
8	6	urban	35700
8	6	water	443900
8	7	crop	2034800
8	7	grass	222400
8	7	oak	2372900
8	7	pine	1048900
8	7	shrub	830000
8	7	urban	35700
8	7	water	443900
8	8	crop	2023300
8	8	grass	222700
8	8	oak	2353100
8	8	pine	1028400
8	8	shrub	827800
8	8	urban	35700
8	8	water	443900
8	9	crop	2037900
8	9	grass	222600
8	9	oak	2373800
8	9	pine	1050300
8	9	shrub	830100
8	9	urban	35700
8	9	water	443900
8	10	crop	1994100
8	10	grass	217600
8	10	oak	2336800
8	10	pine	1006100
8	10	shrub	820100
8	10	urban	35700
8	10	water	443900
8	11	crop	2036500
8	11	grass	222500
8	11	oak	2373600
8	11	pine	1050200
8	11	shrub	829100
8	11	urban	35700
8	11	water	443900
8	12	crop	2020300
8	12	grass	220900
8	12	oak	2354500
8	12	pine	1029700
8	12	shrub	826200
8	12	urban	35700
8	12	water	443900
8	13	crop	2039400
8	13	grass	222800
8	13	oak	2374100
8	13	pine	1050800
8	13	shrub	829700
8	13	urban	35700
8	13	water	443900
8	14	crop	2038600
8	14	grass	222500
8	14	oak	2375600
8	14	pine	1051900
8	14	shrub	830100
8	14	urban	35700
8	14	water	443900
8	15	crop	2036700
8	15	grass	221800
8	15	oak	2374700
8	15	pine	1051900
8	15	shrub	829600
8	15	urban	35700
8	15	water	443900
8	16	crop	2032800
8	16	grass	221400
8	16	oak	2369800
8	16	pine	1051800
8	16	shrub	829200
8	16	urban	35700
8	16	water	443900
8	17	crop	2036200
8	17	grass	222000
8	17	oak	2373000
8	17	pine	1052100
8	17	shrub	830100
8	17	urban	35700
8	17	water	443900
8	18	crop	2031000
8	18	grass	221700
8	18	oak	2368000
8	18	pine	1047100
8	18	shrub	828700
8	18	urban	35700
8	18	water	443900
8	19	crop	2006900
8	19	grass	220400
8	19	oak	2335700
8	19	pine	1016700
8	19	shrub	822300
8	19	urban	35700
8	19	water	443900
8	20	crop	2009600
8	20	grass	219000
8	20	oak	2349000
8	20	pine	1032800
8	20	shrub	826300
8	20	urban	35700
8	20	water	443900
9	1	crop	2034800
9	1	grass	221200
9	1	oak	2371500
9	1	pine	1049100
9	1	shrub	828300
9	1	urban	35700
9	1	water	443900
9	2	crop	2039400
9	2	grass	222300
9	2	oak	2375100
9	2	pine	1052900
9	2	shrub	830400
9	2	urban	35700
9	2	water	443900
9	3	crop	2034600
9	3	grass	221300
9	3	oak	2372000
9	3	pine	1051900
9	3	shrub	829900
9	3	urban	35700
9	3	water	443900
9	4	crop	2024700
9	4	grass	222700
9	4	oak	2373200
9	4	pine	1043200
9	4	shrub	825100
9	4	urban	35700
9	4	water	443900
9	5	crop	2029600
9	5	grass	222400
9	5	oak	2367600
9	5	pine	1043500
9	5	shrub	828500
9	5	urban	35700
9	5	water	443900
9	6	crop	2031500
9	6	grass	222100
9	6	oak	2367500
9	6	pine	1047300
9	6	shrub	827500
9	6	urban	35700
9	6	water	443900
9	7	crop	2020100
9	7	grass	222700
9	7	oak	2372500
9	7	pine	1042600
9	7	shrub	825800
9	7	urban	35700
9	7	water	443900
9	8	crop	2040200
9	8	grass	222300
9	8	oak	2372900
9	8	pine	1052800
9	8	shrub	829900
9	8	urban	35700
9	8	water	443900
9	9	crop	2034200
9	9	grass	222400
9	9	oak	2375300
9	9	pine	1049100
9	9	shrub	828400
9	9	urban	35700
9	9	water	443900
9	10	crop	2037500
9	10	grass	222600
9	10	oak	2375700
9	10	pine	1051400
9	10	shrub	830000
9	10	urban	35700
9	10	water	443900
9	11	crop	2035500
9	11	grass	222200
9	11	oak	2373800
9	11	pine	1047200
9	11	shrub	828500
9	11	urban	35700
9	11	water	443900
9	12	crop	2030700
9	12	grass	222200
9	12	oak	2363600
9	12	pine	1039600
9	12	shrub	828100
9	12	urban	35700
9	12	water	443900
9	13	crop	2011900
9	13	grass	218200
9	13	oak	2356200
9	13	pine	1042700
9	13	shrub	827300
9	13	urban	35700
9	13	water	443900
9	14	crop	2035500
9	14	grass	222600
9	14	oak	2372000
9	14	pine	1045600
9	14	shrub	828600
9	14	urban	35700
9	14	water	443900
9	15	crop	2035400
9	15	grass	222500
9	15	oak	2375800
9	15	pine	1047700
9	15	shrub	829200
9	15	urban	35700
9	15	water	443900
9	16	crop	1999200
9	16	grass	220200
9	16	oak	2335700
9	16	pine	1009400
9	16	shrub	819300
9	16	urban	35700
9	16	water	443900
9	17	crop	2041300
9	17	grass	222500
9	17	oak	2374600
9	17	pine	1053700
9	17	shrub	830300
9	17	urban	35700
9	17	water	443900
9	18	crop	2016100
9	18	grass	221500
9	18	oak	2352300
9	18	pine	1027100
9	18	shrub	824700
9	18	urban	35700
9	18	water	443900
9	19	crop	2038900
9	19	grass	222700
9	19	oak	2376100
9	19	pine	1050400
9	19	shrub	829800
9	19	urban	35700
9	19	water	443900
9	20	crop	2029500
9	20	grass	221100
9	20	oak	2368300
9	20	pine	1048700
9	20	shrub	828200
9	20	urban	35700
9	20	water	443900
10	1	crop	2036900
10	1	grass	222600
10	1	oak	2373700
10	1	pine	1052300
10	1	shrub	830000
10	1	urban	35700
10	1	water	443900
10	2	crop	2037100
10	2	grass	221700
10	2	oak	2371800
10	2	pine	1052900
10	2	shrub	829400
10	2	urban	35700
10	2	water	443900
10	3	crop	2003000
10	3	grass	221200
10	3	oak	2330600
10	3	pine	1012400
10	3	shrub	820900
10	3	urban	35700
10	3	water	443900
10	4	crop	2040500
10	4	grass	221900
10	4	oak	2371900
10	4	pine	1050700
10	4	shrub	829800
10	4	urban	35700
10	4	water	443900
10	5	crop	2020100
10	5	grass	221700
10	5	oak	2365000
10	5	pine	1037000
10	5	shrub	823400
10	5	urban	35700
10	5	water	443900
10	6	crop	2031600
10	6	grass	219100
10	6	oak	2366100
10	6	pine	1048900
10	6	shrub	828500
10	6	urban	35700
10	6	water	443900
10	7	crop	2040700
10	7	grass	221500
10	7	oak	2373300
10	7	pine	1053800
10	7	shrub	830200
10	7	urban	35700
10	7	water	443900
10	8	crop	2040000
10	8	grass	222400
10	8	oak	2374400
10	8	pine	1053300
10	8	shrub	829600
10	8	urban	35700
10	8	water	443900
10	9	crop	2025000
10	9	grass	219700
10	9	oak	2358000
10	9	pine	1040200
10	9	shrub	827700
10	9	urban	35700
10	9	water	443900
10	10	crop	2037400
10	10	grass	222400
10	10	oak	2376300
10	10	pine	1051500
10	10	shrub	829600
10	10	urban	35700
10	10	water	443900
10	11	crop	2034200
10	11	grass	221500
10	11	oak	2369600
10	11	pine	1051400
10	11	shrub	829300
10	11	urban	35700
10	11	water	443900
10	12	crop	2024700
10	12	grass	222200
10	12	oak	2358500
10	12	pine	1038000
10	12	shrub	827100
10	12	urban	35700
10	12	water	443900
10	13	crop	2033300
10	13	grass	221500
10	13	oak	2369300
10	13	pine	1048900
10	13	shrub	829500
10	13	urban	35700
10	13	water	443900
10	14	crop	2026400
10	14	grass	220300
10	14	oak	2357000
10	14	pine	1042300
10	14	shrub	827900
10	14	urban	35700
10	14	water	443900
10	15	crop	2031600
10	15	grass	221700
10	15	oak	2370500
10	15	pine	1050600
10	15	shrub	829500
10	15	urban	35700
10	15	water	443900
10	16	crop	2036600
10	16	grass	222400
10	16	oak	2376200
10	16	pine	1049900
10	16	shrub	828900
10	16	urban	35700
10	16	water	443900
10	17	crop	2033900
10	17	grass	221600
10	17	oak	2370200
10	17	pine	1049600
10	17	shrub	828500
10	17	urban	35700
10	17	water	443900
10	18	crop	2024500
10	18	grass	221500
10	18	oak	2356800
10	18	pine	1031300
10	18	shrub	825500
10	18	urban	35700
10	18	water	443900
10	19	crop	2029300
10	19	grass	221000
10	19	oak	2362800
10	19	pine	1039900
10	19	shrub	828000
10	19	urban	35700
10	19	water	443900
10	20	crop	2038300
10	20	grass	222600
10	20	oak	2374100
10	20	pine	1051000
10	20	shrub	829400
10	20	urban	35700
10	20	water	443900
11	1	crop	2018000
11	1	grass	222700
11	1	oak	2360900
11	1	pine	1028800
11	1	shrub	824700
11	1	urban	35700
11	1	water	443900
11	2	crop	2034100
11	2	grass	221900
11	2	oak	2368200
11	2	pine	1046700
11	2	shrub	828600
11	2	urban	35700
11	2	water	443900
11	3	crop	2034700
11	3	grass	222600
11	3	oak	2367200
11	3	pine	1045800
11	3	shrub	829200
11	3	urban	35700
11	3	water	443900
11	4	crop	2035800
11	4	grass	220000
11	4	oak	2370000
11	4	pine	1049500
11	4	shrub	829800
11	4	urban	35700
11	4	water	443900
11	5	crop	2034200
11	5	grass	222300
11	5	oak	2371700
11	5	pine	1050400
11	5	shrub	827900
11	5	urban	35700
11	5	water	443900
11	6	crop	2019300
11	6	grass	221900
11	6	oak	2364200
11	6	pine	1036300
11	6	shrub	823800
11	6	urban	35700
11	6	water	443900
11	7	crop	2036600
11	7	grass	221800
11	7	oak	2372000
11	7	pine	1052100
11	7	shrub	828500
11	7	urban	35700
11	7	water	443900
11	8	crop	2026100
11	8	grass	221800
11	8	oak	2359400
11	8	pine	1039100
11	8	shrub	828100
11	8	urban	35700
11	8	water	443900
11	9	crop	2036200
11	9	grass	221900
11	9	oak	2371600
11	9	pine	1051500
11	9	shrub	829800
11	9	urban	35700
11	9	water	443900
11	10	crop	2018900
11	10	grass	221600
11	10	oak	2350800
11	10	pine	1030900
11	10	shrub	825800
11	10	urban	35700
11	10	water	443900
11	11	crop	2017100
11	11	grass	222500
11	11	oak	2370100
11	11	pine	1037400
11	11	shrub	824600
11	11	urban	35700
11	11	water	443900
11	12	crop	2035000
11	12	grass	221800
11	12	oak	2371600
11	12	pine	1052000
11	12	shrub	830100
11	12	urban	35700
11	12	water	443900
11	13	crop	2042100
11	13	grass	222800
11	13	oak	2375700
11	13	pine	1054100
11	13	shrub	830700
11	13	urban	35700
11	13	water	443900
11	14	crop	2028200
11	14	grass	221100
11	14	oak	2365000
11	14	pine	1041700
11	14	shrub	826400
11	14	urban	35700
11	14	water	443900
11	15	crop	2038100
11	15	grass	222000
11	15	oak	2372400
11	15	pine	1052400
11	15	shrub	830300
11	15	urban	35700
11	15	water	443900
11	16	crop	2035300
11	16	grass	222300
11	16	oak	2372100
11	16	pine	1051200
11	16	shrub	829900
11	16	urban	35700
11	16	water	443900
11	17	crop	2038300
11	17	grass	222500
11	17	oak	2373600
11	17	pine	1051300
11	17	shrub	829400
11	17	urban	35700
11	17	water	443900
11	18	crop	2024000
11	18	grass	221600
11	18	oak	2358000
11	18	pine	1025300
11	18	shrub	826200
11	18	urban	35700
11	18	water	443900
11	19	crop	2033000
11	19	grass	222800
11	19	oak	2370000
11	19	pine	1048100
11	19	shrub	828500
11	19	urban	35700
11	19	water	443900
11	20	crop	2037000
11	20	grass	221100
11	20	oak	2373400
11	20	pine	1051400
11	20	shrub	830200
11	20	urban	35700
11	20	water	443900
12	1	crop	2012200
12	1	grass	211700
12	1	oak	2334700
12	1	pine	1016100
12	1	shrub	823400
12	1	urban	35700
12	1	water	443900
12	2	crop	2032700
12	2	grass	222500
12	2	oak	2373800
12	2	pine	1047500
12	2	shrub	827200
12	2	urban	35700
12	2	water	443900
12	3	crop	2010100
12	3	grass	222200
12	3	oak	2354000
12	3	pine	1017500
12	3	shrub	821400
12	3	urban	35700
12	3	water	443900
12	4	crop	2035500
12	4	grass	222600
12	4	oak	2371500
12	4	pine	1047900
12	4	shrub	829600
12	4	urban	35700
12	4	water	443900
12	5	crop	2039800
12	5	grass	222600
12	5	oak	2374900
12	5	pine	1052900
12	5	shrub	829900
12	5	urban	35700
12	5	water	443900
12	6	crop	2026300
12	6	grass	221400
12	6	oak	2358300
12	6	pine	1031500
12	6	shrub	825500
12	6	urban	35700
12	6	water	443900
12	7	crop	2007200
12	7	grass	219600
12	7	oak	2331500
12	7	pine	1011400
12	7	shrub	821600
12	7	urban	35700
12	7	water	443900
12	8	crop	2031600
12	8	grass	220800
12	8	oak	2366000
12	8	pine	1051000
12	8	shrub	829600
12	8	urban	35700
12	8	water	443900
12	9	crop	2036100
12	9	grass	221800
12	9	oak	2370300
12	9	pine	1050500
12	9	shrub	829500
12	9	urban	35700
12	9	water	443900
12	10	crop	2032900
12	10	grass	221800
12	10	oak	2369600
12	10	pine	1047300
12	10	shrub	829300
12	10	urban	35700
12	10	water	443900
12	11	crop	2029300
12	11	grass	222500
12	11	oak	2365800
12	11	pine	1043900
12	11	shrub	827600
12	11	urban	35700
12	11	water	443900
12	12	crop	2031900
12	12	grass	221400
12	12	oak	2368200
12	12	pine	1049200
12	12	shrub	828700
12	12	urban	35700
12	12	water	443900
12	13	crop	2039500
12	13	grass	221800
12	13	oak	2375200
12	13	pine	1053500
12	13	shrub	830400
12	13	urban	35700
12	13	water	443900
12	14	crop	2036200
12	14	grass	222700
12	14	oak	2368700
12	14	pine	1043800
12	14	shrub	829900
12	14	urban	35700
12	14	water	443900
12	15	crop	2016100
12	15	grass	221100
12	15	oak	2361200
12	15	pine	1032300
12	15	shrub	824300
12	15	urban	35700
12	15	water	443900
12	16	crop	2036100
12	16	grass	222500
12	16	oak	2367400
12	16	pine	1043200
12	16	shrub	828500
12	16	urban	35700
12	16	water	443900
12	17	crop	2035600
12	17	grass	222600
12	17	oak	2366300
12	17	pine	1041200
12	17	shrub	828100
12	17	urban	35700
12	17	water	443900
12	18	crop	2007400
12	18	grass	218200
12	18	oak	2344600
12	18	pine	1035400
12	18	shrub	825800
12	18	urban	35700
12	18	water	443900
12	19	crop	2037800
12	19	grass	221900
12	19	oak	2373600
12	19	pine	1050900
12	19	shrub	830000
12	19	urban	35700
12	19	water	443900
12	20	crop	2034100
12	20	grass	222300
12	20	oak	2368200
12	20	pine	1050000
12	20	shrub	829200
12	20	urban	35700
12	20	water	443900
13	1	crop	2030400
13	1	grass	221500
13	1	oak	2371100
13	1	pine	1047100
13	1	shrub	828100
13	1	urban	35700
13	1	water	443900
13	2	crop	2036600
13	2	grass	222200
13	2	oak	2370900
13	2	pine	1049200
13	2	shrub	829100
13	2	urban	35700
13	2	water	443900
13	3	crop	2030600
13	3	grass	220700
13	3	oak	2367300
13	3	pine	1047500
13	3	shrub	829000
13	3	urban	35700
13	3	water	443900
13	4	crop	2034100
13	4	grass	221700
13	4	oak	2374200
13	4	pine	1051900
13	4	shrub	829000
13	4	urban	35700
13	4	water	443900
13	5	crop	2034600
13	5	grass	221900
13	5	oak	2371600
13	5	pine	1049000
13	5	shrub	829600
13	5	urban	35700
13	5	water	443900
13	6	crop	2030200
13	6	grass	222200
13	6	oak	2367100
13	6	pine	1044400
13	6	shrub	827300
13	6	urban	35700
13	6	water	443900
13	7	crop	2038500
13	7	grass	222800
13	7	oak	2376700
13	7	pine	1052700
13	7	shrub	829700
13	7	urban	35700
13	7	water	443900
13	8	crop	2022600
13	8	grass	216200
13	8	oak	2361900
13	8	pine	1048500
13	8	shrub	827300
13	8	urban	35700
13	8	water	443900
13	9	crop	2036800
13	9	grass	221600
13	9	oak	2374300
13	9	pine	1051900
13	9	shrub	829600
13	9	urban	35700
13	9	water	443900
13	10	crop	2013700
13	10	grass	220100
13	10	oak	2336300
13	10	pine	1020500
13	10	shrub	823800
13	10	urban	35700
13	10	water	443900
13	11	crop	2015300
13	11	grass	221200
13	11	oak	2353400
13	11	pine	1034200
13	11	shrub	825200
13	11	urban	35700
13	11	water	443900
13	12	crop	2022000
13	12	grass	221400
13	12	oak	2362600
13	12	pine	1037100
13	12	shrub	826900
13	12	urban	35700
13	12	water	443900
13	13	crop	2034600
13	13	grass	222600
13	13	oak	2375300
13	13	pine	1050700
13	13	shrub	828100
13	13	urban	35700
13	13	water	443900
13	14	crop	2027500
13	14	grass	222500
13	14	oak	2369000
13	14	pine	1044300
13	14	shrub	827000
13	14	urban	35700
13	14	water	443900
13	15	crop	2032000
13	15	grass	221200
13	15	oak	2369400
13	15	pine	1047800
13	15	shrub	828000
13	15	urban	35700
13	15	water	443900
13	16	crop	2040600
13	16	grass	222800
13	16	oak	2374600
13	16	pine	1053600
13	16	shrub	830600
13	16	urban	35700
13	16	water	443900
13	17	crop	2039100
13	17	grass	222100
13	17	oak	2372600
13	17	pine	1051900
13	17	shrub	830100
13	17	urban	35700
13	17	water	443900
13	18	crop	2034200
13	18	grass	222700
13	18	oak	2374300
13	18	pine	1050700
13	18	shrub	828900
13	18	urban	35700
13	18	water	443900
13	19	crop	2019700
13	19	grass	218900
13	19	oak	2358900
13	19	pine	1046700
13	19	shrub	827900
13	19	urban	35700
13	19	water	443900
13	20	crop	2034000
13	20	grass	221500
13	20	oak	2370700
13	20	pine	1050100
13	20	shrub	829800
13	20	urban	35700
13	20	water	443900
14	1	crop	2018200
14	1	grass	218800
14	1	oak	2356400
14	1	pine	1044400
14	1	shrub	827400
14	1	urban	35700
14	1	water	443900
14	2	crop	2016500
14	2	grass	222200
14	2	oak	2369700
14	2	pine	1038900
14	2	shrub	825300
14	2	urban	35700
14	2	water	443900
14	3	crop	2036100
14	3	grass	221900
14	3	oak	2373500
14	3	pine	1051100
14	3	shrub	829400
14	3	urban	35700
14	3	water	443900
14	4	crop	2034700
14	4	grass	222500
14	4	oak	2370000
14	4	pine	1050900
14	4	shrub	829600
14	4	urban	35700
14	4	water	443900
14	5	crop	2041600
14	5	grass	222800
14	5	oak	2376700
14	5	pine	1054600
14	5	shrub	830500
14	5	urban	35700
14	5	water	443900
14	6	crop	2032300
14	6	grass	222200
14	6	oak	2367900
14	6	pine	1044100
14	6	shrub	827900
14	6	urban	35700
14	6	water	443900
14	7	crop	2035000
14	7	grass	221000
14	7	oak	2374600
14	7	pine	1050400
14	7	shrub	829300
14	7	urban	35700
14	7	water	443900
14	8	crop	2034800
14	8	grass	220900
14	8	oak	2367900
14	8	pine	1050300
14	8	shrub	829300
14	8	urban	35700
14	8	water	443900
14	9	crop	2019800
14	9	grass	222700
14	9	oak	2371900
14	9	pine	1040700
14	9	shrub	824300
14	9	urban	35700
14	9	water	443900
14	10	crop	2022200
14	10	grass	221400
14	10	oak	2372800
14	10	pine	1043000
14	10	shrub	828000
14	10	urban	35700
14	10	water	443900
14	11	crop	2027000
14	11	grass	222700
14	11	oak	2373200
14	11	pine	1043200
14	11	shrub	825700
14	11	urban	35700
14	11	water	443900
14	12	crop	2014500
14	12	grass	217900
14	12	oak	2353500
14	12	pine	1040600
14	12	shrub	827000
14	12	urban	35700
14	12	water	443900
14	13	crop	2034800
14	13	grass	221900
14	13	oak	2376400
14	13	pine	1050800
14	13	shrub	829000
14	13	urban	35700
14	13	water	443900
14	14	crop	2040600
14	14	grass	222700
14	14	oak	2374900
14	14	pine	1053200
14	14	shrub	829900
14	14	urban	35700
14	14	water	443900
14	15	crop	2026300
14	15	grass	222100
14	15	oak	2372900
14	15	pine	1043400
14	15	shrub	827000
14	15	urban	35700
14	15	water	443900
14	16	crop	2036800
14	16	grass	222300
14	16	oak	2370900
14	16	pine	1047600
14	16	shrub	830000
14	16	urban	35700
14	16	water	443900
14	17	crop	2036200
14	17	grass	222100
14	17	oak	2373400
14	17	pine	1053000
14	17	shrub	829400
14	17	urban	35700
14	17	water	443900
14	18	crop	2037100
14	18	grass	222000
14	18	oak	2373300
14	18	pine	1050400
14	18	shrub	829500
14	18	urban	35700
14	18	water	443900
14	19	crop	2012400
14	19	grass	221600
14	19	oak	2339600
14	19	pine	1022100
14	19	shrub	824800
14	19	urban	35700
14	19	water	443900
14	20	crop	2038100
14	20	grass	222400
14	20	oak	2374400
14	20	pine	1050800
14	20	shrub	829800
14	20	urban	35700
14	20	water	443900
15	1	crop	2022500
15	1	grass	222800
15	1	oak	2370000
15	1	pine	1044500
15	1	shrub	824800
15	1	urban	35700
15	1	water	443900
15	2	crop	2025000
15	2	grass	219400
15	2	oak	2361600
15	2	pine	1040600
15	2	shrub	827800
15	2	urban	35700
15	2	water	443900
15	3	crop	2023000
15	3	grass	222000
15	3	oak	2354100
15	3	pine	1032000
15	3	shrub	826600
15	3	urban	35700
15	3	water	443900
15	4	crop	2030000
15	4	grass	221200
15	4	oak	2360700
15	4	pine	1045300
15	4	shrub	828000
15	4	urban	35700
15	4	water	443900
15	5	crop	2028900
15	5	grass	219700
15	5	oak	2361400
15	5	pine	1041900
15	5	shrub	827900
15	5	urban	35700
15	5	water	443900
15	6	crop	2002900
15	6	grass	219000
15	6	oak	2343100
15	6	pine	1020300
15	6	shrub	823400
15	6	urban	35700
15	6	water	443900
15	7	crop	2037100
15	7	grass	222300
15	7	oak	2374400
15	7	pine	1053300
15	7	shrub	829800
15	7	urban	35700
15	7	water	443900
15	8	crop	2040900
15	8	grass	222800
15	8	oak	2376100
15	8	pine	1053600
15	8	shrub	830700
15	8	urban	35700
15	8	water	443900
15	9	crop	2035600
15	9	grass	222000
15	9	oak	2370200
15	9	pine	1049500
15	9	shrub	829400
15	9	urban	35700
15	9	water	443900
15	10	crop	2005000
15	10	grass	219500
15	10	oak	2331500
15	10	pine	1017800
15	10	shrub	824900
15	10	urban	35700
15	10	water	443900
15	11	crop	2037700
15	11	grass	222700
15	11	oak	2374600
15	11	pine	1050800
15	11	shrub	830200
15	11	urban	35700
15	11	water	443900
15	12	crop	2036200
15	12	grass	221700
15	12	oak	2370600
15	12	pine	1049100
15	12	shrub	829300
15	12	urban	35700
15	12	water	443900
15	13	crop	2036500
15	13	grass	222100
15	13	oak	2373100
15	13	pine	1053100
15	13	shrub	829500
15	13	urban	35700
15	13	water	443900
15	14	crop	2035900
15	14	grass	221500
15	14	oak	2372300
15	14	pine	1052100
15	14	shrub	829300
15	14	urban	35700
15	14	water	443900
15	15	crop	2036400
15	15	grass	221500
15	15	oak	2372600
15	15	pine	1051800
15	15	shrub	829500
15	15	urban	35700
15	15	water	443900
15	16	crop	2039000
15	16	grass	222200
15	16	oak	2373900
15	16	pine	1053200
15	16	shrub	830100
15	16	urban	35700
15	16	water	443900
15	17	crop	2032100
15	17	grass	221600
15	17	oak	2363900
15	17	pine	1041500
15	17	shrub	827500
15	17	urban	35700
15	17	water	443900
15	18	crop	2034500
15	18	grass	222600
15	18	oak	2370200
15	18	pine	1048800
15	18	shrub	829000
15	18	urban	35700
15	18	water	443900
15	19	crop	2027700
15	19	grass	222600
15	19	oak	2371400
15	19	pine	1043900
15	19	shrub	826700
15	19	urban	35700
15	19	water	443900
15	20	crop	2034900
15	20	grass	222100
15	20	oak	2374300
15	20	pine	1048700
15	20	shrub	828700
15	20	urban	35700
15	20	water	443900
16	1	crop	2030600
16	1	grass	221500
16	1	oak	2367400
16	1	pine	1047000
16	1	shrub	828500
16	1	urban	35700
16	1	water	443900
16	2	crop	2036100
16	2	grass	222400
16	2	oak	2373100
16	2	pine	1050700
16	2	shrub	829000
16	2	urban	35700
16	2	water	443900
16	3	crop	2040100
16	3	grass	222700
16	3	oak	2374500
16	3	pine	1053100
16	3	shrub	829800
16	3	urban	35700
16	3	water	443900
16	4	crop	2011800
16	4	grass	221200
16	4	oak	2340600
16	4	pine	1013100
16	4	shrub	821900
16	4	urban	35700
16	4	water	443900
16	5	crop	2029400
16	5	grass	221900
16	5	oak	2361600
16	5	pine	1036800
16	5	shrub	826500
16	5	urban	35700
16	5	water	443900
16	6	crop	2037300
16	6	grass	222100
16	6	oak	2372300
16	6	pine	1050200
16	6	shrub	829800
16	6	urban	35700
16	6	water	443900
16	7	crop	2037800
16	7	grass	222700
16	7	oak	2374400
16	7	pine	1048000
16	7	shrub	829600
16	7	urban	35700
16	7	water	443900
16	8	crop	2039200
16	8	grass	222600
16	8	oak	2375600
16	8	pine	1052800
16	8	shrub	830100
16	8	urban	35700
16	8	water	443900
16	9	crop	2004100
16	9	grass	219700
16	9	oak	2345100
16	9	pine	1014200
16	9	shrub	822600
16	9	urban	35700
16	9	water	443900
16	10	crop	2033500
16	10	grass	221000
16	10	oak	2369400
16	10	pine	1050900
16	10	shrub	829400
16	10	urban	35700
16	10	water	443900
16	11	crop	2037500
16	11	grass	222300
16	11	oak	2373500
16	11	pine	1052600
16	11	shrub	829700
16	11	urban	35700
16	11	water	443900
16	12	crop	2033300
16	12	grass	220800
16	12	oak	2371700
16	12	pine	1049900
16	12	shrub	828400
16	12	urban	35700
16	12	water	443900
16	13	crop	2037400
16	13	grass	221600
16	13	oak	2371700
16	13	pine	1051000
16	13	shrub	830100
16	13	urban	35700
16	13	water	443900
16	14	crop	2029400
16	14	grass	222800
16	14	oak	2373800
16	14	pine	1045000
16	14	shrub	826700
16	14	urban	35700
16	14	water	443900
16	15	crop	2035600
16	15	grass	222700
16	15	oak	2370200
16	15	pine	1049300
16	15	shrub	829400
16	15	urban	35700
16	15	water	443900
16	16	crop	2033400
16	16	grass	220400
16	16	oak	2370200
16	16	pine	1052900
16	16	shrub	829600
16	16	urban	35700
16	16	water	443900
16	17	crop	2038600
16	17	grass	222500
16	17	oak	2374100
16	17	pine	1053400
16	17	shrub	829700
16	17	urban	35700
16	17	water	443900
16	18	crop	2024500
16	18	grass	220800
16	18	oak	2352000
16	18	pine	1029400
16	18	shrub	827700
16	18	urban	35700
16	18	water	443900
16	19	crop	2034400
16	19	grass	221900
16	19	oak	2369700
16	19	pine	1046900
16	19	shrub	828400
16	19	urban	35700
16	19	water	443900
16	20	crop	2041800
16	20	grass	222400
16	20	oak	2375900
16	20	pine	1054500
16	20	shrub	830400
16	20	urban	35700
16	20	water	443900
17	1	crop	2036100
17	1	grass	221900
17	1	oak	2367700
17	1	pine	1046700
17	1	shrub	829000
17	1	urban	35700
17	1	water	443900
17	2	crop	2017000
17	2	grass	221700
17	2	oak	2371400
17	2	pine	1038100
17	2	shrub	825000
17	2	urban	35700
17	2	water	443900
17	3	crop	2033800
17	3	grass	222500
17	3	oak	2370200
17	3	pine	1046600
17	3	shrub	828600
17	3	urban	35700
17	3	water	443900
17	4	crop	2034900
17	4	grass	222100
17	4	oak	2373800
17	4	pine	1052000
17	4	shrub	829700
17	4	urban	35700
17	4	water	443900
17	5	crop	2033900
17	5	grass	221900
17	5	oak	2370300
17	5	pine	1050500
17	5	shrub	829200
17	5	urban	35700
17	5	water	443900
17	6	crop	2018100
17	6	grass	222600
17	6	oak	2369300
17	6	pine	1035300
17	6	shrub	825300
17	6	urban	35700
17	6	water	443900
17	7	crop	2032400
17	7	grass	222800
17	7	oak	2373300
17	7	pine	1048900
17	7	shrub	827600
17	7	urban	35700
17	7	water	443900
17	8	crop	2040200
17	8	grass	222500
17	8	oak	2373100
17	8	pine	1053600
17	8	shrub	830100
17	8	urban	35700
17	8	water	443900
17	9	crop	2039200
17	9	grass	222700
17	9	oak	2375200
17	9	pine	1050900
17	9	shrub	829600
17	9	urban	35700
17	9	water	443900
17	10	crop	2013600
17	10	grass	222400
17	10	oak	2364900
17	10	pine	1032900
17	10	shrub	821400
17	10	urban	35700
17	10	water	443900
17	11	crop	2039500
17	11	grass	222100
17	11	oak	2374700
17	11	pine	1053600
17	11	shrub	830400
17	11	urban	35700
17	11	water	443900
17	12	crop	2033000
17	12	grass	218600
17	12	oak	2371400
17	12	pine	1048600
17	12	shrub	828600
17	12	urban	35700
17	12	water	443900
17	13	crop	2039600
17	13	grass	222400
17	13	oak	2374200
17	13	pine	1052200
17	13	shrub	829800
17	13	urban	35700
17	13	water	443900
17	14	crop	2036000
17	14	grass	222600
17	14	oak	2374700
17	14	pine	1051200
17	14	shrub	829800
17	14	urban	35700
17	14	water	443900
17	15	crop	2022300
17	15	grass	221300
17	15	oak	2361100
17	15	pine	1040500
17	15	shrub	827400
17	15	urban	35700
17	15	water	443900
17	16	crop	2039300
17	16	grass	222500
17	16	oak	2375500
17	16	pine	1053100
17	16	shrub	828800
17	16	urban	35700
17	16	water	443900
17	17	crop	2035400
17	17	grass	221800
17	17	oak	2369700
17	17	pine	1051400
17	17	shrub	829300
17	17	urban	35700
17	17	water	443900
17	18	crop	2032200
17	18	grass	220700
17	18	oak	2370300
17	18	pine	1051700
17	18	shrub	829400
17	18	urban	35700
17	18	water	443900
17	19	crop	2024900
17	19	grass	222500
17	19	oak	2367200
17	19	pine	1033200
17	19	shrub	824200
17	19	urban	35700
17	19	water	443900
17	20	crop	2031600
17	20	grass	221700
17	20	oak	2368200
17	20	pine	1047100
17	20	shrub	828500
17	20	urban	35700
17	20	water	443900
18	1	crop	2010300
18	1	grass	219200
18	1	oak	2333900
18	1	pine	1019600
18	1	shrub	825100
18	1	urban	35700
18	1	water	443900
18	2	crop	2018900
18	2	grass	221500
18	2	oak	2367700
18	2	pine	1039400
18	2	shrub	824400
18	2	urban	35700
18	2	water	443900
18	3	crop	2025800
18	3	grass	218600
18	3	oak	2367700
18	3	pine	1040300
18	3	shrub	826300
18	3	urban	35700
18	3	water	443900
18	4	crop	2039900
18	4	grass	222500
18	4	oak	2375500
18	4	pine	1053200
18	4	shrub	830500
18	4	urban	35700
18	4	water	443900
18	5	crop	2037300
18	5	grass	222200
18	5	oak	2373900
18	5	pine	1052600
18	5	shrub	829700
18	5	urban	35700
18	5	water	443900
18	6	crop	2021300
18	6	grass	220900
18	6	oak	2363200
18	6	pine	1033600
18	6	shrub	824300
18	6	urban	35700
18	6	water	443900
18	7	crop	2008400
18	7	grass	211100
18	7	oak	2335700
18	7	pine	1007200
18	7	shrub	824000
18	7	urban	35700
18	7	water	443900
18	8	crop	2022700
18	8	grass	222000
18	8	oak	2356100
18	8	pine	1030900
18	8	shrub	825600
18	8	urban	35700
18	8	water	443900
18	9	crop	2035000
18	9	grass	222500
18	9	oak	2371600
18	9	pine	1047500
18	9	shrub	828500
18	9	urban	35700
18	9	water	443900
18	10	crop	2033400
18	10	grass	222300
18	10	oak	2369400
18	10	pine	1048100
18	10	shrub	827500
18	10	urban	35700
18	10	water	443900
18	11	crop	2013800
18	11	grass	222500
18	11	oak	2360900
18	11	pine	1023900
18	11	shrub	821100
18	11	urban	35700
18	11	water	443900
18	12	crop	2036300
18	12	grass	222100
18	12	oak	2370000
18	12	pine	1049800
18	12	shrub	829300
18	12	urban	35700
18	12	water	443900
18	13	crop	2010600
18	13	grass	221100
18	13	oak	2337900
18	13	pine	1013000
18	13	shrub	823500
18	13	urban	35700
18	13	water	443900
18	14	crop	2037100
18	14	grass	221800
18	14	oak	2369000
18	14	pine	1047600
18	14	shrub	829300
18	14	urban	35700
18	14	water	443900
18	15	crop	2023700
18	15	grass	221900
18	15	oak	2369500
18	15	pine	1036200
18	15	shrub	827800
18	15	urban	35700
18	15	water	443900
18	16	crop	2031800
18	16	grass	220500
18	16	oak	2365500
18	16	pine	1047100
18	16	shrub	828000
18	16	urban	35700
18	16	water	443900
18	17	crop	2012200
18	17	grass	219700
18	17	oak	2355700
18	17	pine	1039300
18	17	shrub	825400
18	17	urban	35700
18	17	water	443900
18	18	crop	2026500
18	18	grass	221400
18	18	oak	2354900
18	18	pine	1037200
18	18	shrub	827400
18	18	urban	35700
18	18	water	443900
18	19	crop	2033200
18	19	grass	219800
18	19	oak	2370600
18	19	pine	1051700
18	19	shrub	829100
18	19	urban	35700
18	19	water	443900
18	20	crop	2033800
18	20	grass	221900
18	20	oak	2371300
18	20	pine	1049000
18	20	shrub	830000
18	20	urban	35700
18	20	water	443900
19	1	crop	1999200
19	1	grass	217100
19	1	oak	2337800
19	1	pine	995400
19	1	shrub	818700
19	1	urban	35700
19	1	water	443900
19	2	crop	2033600
19	2	grass	220600
19	2	oak	2372400
19	2	pine	1048600
19	2	shrub	828300
19	2	urban	35700
19	2	water	443900
19	3	crop	2038200
19	3	grass	222300
19	3	oak	2374600
19	3	pine	1053200
19	3	shrub	829500
19	3	urban	35700
19	3	water	443900
19	4	crop	2024500
19	4	grass	221000
19	4	oak	2356800
19	4	pine	1032900
19	4	shrub	827000
19	4	urban	35700
19	4	water	443900
19	5	crop	2027600
19	5	grass	221100
19	5	oak	2362200
19	5	pine	1044700
19	5	shrub	828400
19	5	urban	35700
19	5	water	443900
19	6	crop	2017500
19	6	grass	218800
19	6	oak	2359100
19	6	pine	1043800
19	6	shrub	826000
19	6	urban	35700
19	6	water	443900
19	7	crop	2030600
19	7	grass	221200
19	7	oak	2367400
19	7	pine	1050400
19	7	shrub	829700
19	7	urban	35700
19	7	water	443900
19	8	crop	2024200
19	8	grass	222100
19	8	oak	2362600
19	8	pine	1033300
19	8	shrub	825700
19	8	urban	35700
19	8	water	443900
19	9	crop	2021900
19	9	grass	221500
19	9	oak	2364800
19	9	pine	1040300
19	9	shrub	827100
19	9	urban	35700
19	9	water	443900
19	10	crop	2037200
19	10	grass	221800
19	10	oak	2373100
19	10	pine	1051500
19	10	shrub	829500
19	10	urban	35700
19	10	water	443900
19	11	crop	2031300
19	11	grass	221500
19	11	oak	2369700
19	11	pine	1049700
19	11	shrub	828800
19	11	urban	35700
19	11	water	443900
19	12	crop	2033800
19	12	grass	221100
19	12	oak	2371500
19	12	pine	1042100
19	12	shrub	828900
19	12	urban	35700
19	12	water	443900
19	13	crop	2040600
19	13	grass	222700
19	13	oak	2375900
19	13	pine	1053700
19	13	shrub	830200
19	13	urban	35700
19	13	water	443900
19	14	crop	2039200
19	14	grass	222800
19	14	oak	2375600
19	14	pine	1050900
19	14	shrub	830000
19	14	urban	35700
19	14	water	443900
19	15	crop	2032100
19	15	grass	221000
19	15	oak	2366600
19	15	pine	1047900
19	15	shrub	828600
19	15	urban	35700
19	15	water	443900
19	16	crop	2025200
19	16	grass	221600
19	16	oak	2371400
19	16	pine	1042600
19	16	shrub	826600
19	16	urban	35700
19	16	water	443900
19	17	crop	2034400
19	17	grass	222100
19	17	oak	2370800
19	17	pine	1050700
19	17	shrub	829600
19	17	urban	35700
19	17	water	443900
19	18	crop	2034000
19	18	grass	221900
19	18	oak	2363300
19	18	pine	1045600
19	18	shrub	829900
19	18	urban	35700
19	18	water	443900
19	19	crop	2033100
19	19	grass	221800
19	19	oak	2366200
19	19	pine	1045300
19	19	shrub	829100
19	19	urban	35700
19	19	water	443900
19	20	crop	2034400
19	20	grass	222800
19	20	oak	2374100
19	20	pine	1046500
19	20	shrub	829800
19	20	urban	35700
19	20	water	443900
20	1	crop	2006100
20	1	grass	221200
20	1	oak	2350300
20	1	pine	1014100
20	1	shrub	819400
20	1	urban	35700
20	1	water	443900
20	2	crop	2031500
20	2	grass	221000
20	2	oak	2369000
20	2	pine	1049700
20	2	shrub	829500
20	2	urban	35700
20	2	water	443900
20	3	crop	2006500
20	3	grass	220100
20	3	oak	2335500
20	3	pine	1011800
20	3	shrub	822000
20	3	urban	35700
20	3	water	443900
20	4	crop	2018600
20	4	grass	218200
20	4	oak	2357100
20	4	pine	1039400
20	4	shrub	828400
20	4	urban	35700
20	4	water	443900
20	5	crop	2030900
20	5	grass	221300
20	5	oak	2360000
20	5	pine	1040700
20	5	shrub	828300
20	5	urban	35700
20	5	water	443900
20	6	crop	2036700
20	6	grass	222700
20	6	oak	2375100
20	6	pine	1050100
20	6	shrub	828800
20	6	urban	35700
20	6	water	443900
20	7	crop	2038000
20	7	grass	222300
20	7	oak	2374100
20	7	pine	1053500
20	7	shrub	830600
20	7	urban	35700
20	7	water	443900
20	8	crop	2038200
20	8	grass	221100
20	8	oak	2375500
20	8	pine	1053900
20	8	shrub	830000
20	8	urban	35700
20	8	water	443900
20	9	crop	2035200
20	9	grass	222400
20	9	oak	2373700
20	9	pine	1050800
20	9	shrub	828700
20	9	urban	35700
20	9	water	443900
20	10	crop	2007400
20	10	grass	221200
20	10	oak	2335400
20	10	pine	1010300
20	10	shrub	821900
20	10	urban	35700
20	10	water	443900
20	11	crop	2014300
20	11	grass	222200
20	11	oak	2369600
20	11	pine	1038600
20	11	shrub	824300
20	11	urban	35700
20	11	water	443900
20	12	crop	2038900
20	12	grass	221600
20	12	oak	2374000
20	12	pine	1053900
20	12	shrub	830100
20	12	urban	35700
20	12	water	443900
20	13	crop	2012600
20	13	grass	220800
20	13	oak	2345800
20	13	pine	1011800
20	13	shrub	822000
20	13	urban	35700
20	13	water	443900
20	14	crop	2028200
20	14	grass	221400
20	14	oak	2362800
20	14	pine	1045300
20	14	shrub	828900
20	14	urban	35700
20	14	water	443900
20	15	crop	2011500
20	15	grass	221300
20	15	oak	2335600
20	15	pine	1013200
20	15	shrub	821600
20	15	urban	35700
20	15	water	443900
20	16	crop	2040100
20	16	grass	222800
20	16	oak	2375600
20	16	pine	1052100
20	16	shrub	830500
20	16	urban	35700
20	16	water	443900
20	17	crop	2037900
20	17	grass	222300
20	17	oak	2374400
20	17	pine	1053800
20	17	shrub	830100
20	17	urban	35700
20	17	water	443900
20	18	crop	2038700
20	18	grass	222500
20	18	oak	2375600
20	18	pine	1053300
20	18	shrub	830100
20	18	urban	35700
20	18	water	443900
20	19	crop	2033100
20	19	grass	221100
20	19	oak	2369700
20	19	pine	1046900
20	19	shrub	829400
20	19	urban	35700
20	19	water	443900
20	20	crop	2030300
20	20	grass	222100
20	20	oak	2372300
20	20	pine	1047000
20	20	shrub	827400
20	20	urban	35700
20	20	water	443900
21	1	crop	2026100
21	1	grass	220000
21	1	oak	2363900
21	1	pine	1042200
21	1	shrub	828100
21	1	urban	35700
21	1	water	443900
21	2	crop	2032000
21	2	grass	222100
21	2	oak	2372900
21	2	pine	1047400
21	2	shrub	829000
21	2	urban	35700
21	2	water	443900
21	3	crop	2036400
21	3	grass	222500
21	3	oak	2373500
21	3	pine	1052200
21	3	shrub	829400
21	3	urban	35700
21	3	water	443900
21	4	crop	2033000
21	4	grass	222100
21	4	oak	2372400
21	4	pine	1049500
21	4	shrub	829400
21	4	urban	35700
21	4	water	443900
21	5	crop	2009800
21	5	grass	219500
21	5	oak	2335500
21	5	pine	1012800
21	5	shrub	821500
21	5	urban	35700
21	5	water	443900
21	6	crop	2034100
21	6	grass	222300
21	6	oak	2370500
21	6	pine	1048700
21	6	shrub	829800
21	6	urban	35700
21	6	water	443900
21	7	crop	2023900
21	7	grass	221800
21	7	oak	2365000
21	7	pine	1042100
21	7	shrub	827500
21	7	urban	35700
21	7	water	443900
21	8	crop	2019800
21	8	grass	217500
21	8	oak	2359800
21	8	pine	1046300
21	8	shrub	828500
21	8	urban	35700
21	8	water	443900
21	9	crop	2037300
21	9	grass	222200
21	9	oak	2375700
21	9	pine	1053600
21	9	shrub	830300
21	9	urban	35700
21	9	water	443900
21	10	crop	2016100
21	10	grass	219600
21	10	oak	2356000
21	10	pine	1040700
21	10	shrub	824600
21	10	urban	35700
21	10	water	443900
21	11	crop	2029700
21	11	grass	220600
21	11	oak	2364100
21	11	pine	1042800
21	11	shrub	828100
21	11	urban	35700
21	11	water	443900
21	12	crop	2034200
21	12	grass	220800
21	12	oak	2370300
21	12	pine	1051800
21	12	shrub	829500
21	12	urban	35700
21	12	water	443900
21	13	crop	2028400
21	13	grass	221100
21	13	oak	2363800
21	13	pine	1047400
21	13	shrub	828700
21	13	urban	35700
21	13	water	443900
21	14	crop	2039600
21	14	grass	222500
21	14	oak	2375900
21	14	pine	1053800
21	14	shrub	830000
21	14	urban	35700
21	14	water	443900
21	15	crop	2035500
21	15	grass	222200
21	15	oak	2373100
21	15	pine	1050000
21	15	shrub	829700
21	15	urban	35700
21	15	water	443900
21	16	crop	2041200
21	16	grass	222700
21	16	oak	2374600
21	16	pine	1052600
21	16	shrub	830300
21	16	urban	35700
21	16	water	443900
21	17	crop	2040500
21	17	grass	222700
21	17	oak	2374900
21	17	pine	1054100
21	17	shrub	830500
21	17	urban	35700
21	17	water	443900
21	18	crop	2025000
21	18	grass	221900
21	18	oak	2364900
21	18	pine	1042100
21	18	shrub	825600
21	18	urban	35700
21	18	water	443900
21	19	crop	2031700
21	19	grass	219900
21	19	oak	2372200
21	19	pine	1047600
21	19	shrub	828100
21	19	urban	35700
21	19	water	443900
21	20	crop	2041400
21	20	grass	222700
21	20	oak	2376000
21	20	pine	1053100
21	20	shrub	830200
21	20	urban	35700
21	20	water	443900
22	1	crop	2040400
22	1	grass	222500
22	1	oak	2374900
22	1	pine	1050600
22	1	shrub	829900
22	1	urban	35700
22	1	water	443900
22	2	crop	2035800
22	2	grass	222300
22	2	oak	2369000
22	2	pine	1047100
22	2	shrub	829500
22	2	urban	35700
22	2	water	443900
22	3	crop	2040100
22	3	grass	222700
22	3	oak	2375700
22	3	pine	1052800
22	3	shrub	830000
22	3	urban	35700
22	3	water	443900
22	4	crop	2010200
22	4	grass	222400
22	4	oak	2364200
22	4	pine	1031700
22	4	shrub	821000
22	4	urban	35700
22	4	water	443900
22	5	crop	2034900
22	5	grass	221600
22	5	oak	2369300
22	5	pine	1050900
22	5	shrub	829500
22	5	urban	35700
22	5	water	443900
22	6	crop	2035300
22	6	grass	221300
22	6	oak	2370500
22	6	pine	1047900
22	6	shrub	829200
22	6	urban	35700
22	6	water	443900
22	7	crop	2027600
22	7	grass	222000
22	7	oak	2372100
22	7	pine	1045600
22	7	shrub	827200
22	7	urban	35700
22	7	water	443900
22	8	crop	2033000
22	8	grass	220800
22	8	oak	2368300
22	8	pine	1049400
22	8	shrub	829000
22	8	urban	35700
22	8	water	443900
22	9	crop	2035300
22	9	grass	222100
22	9	oak	2368000
22	9	pine	1049300
22	9	shrub	829000
22	9	urban	35700
22	9	water	443900
22	10	crop	2028600
22	10	grass	222800
22	10	oak	2375200
22	10	pine	1045300
22	10	shrub	826000
22	10	urban	35700
22	10	water	443900
22	11	crop	2040800
22	11	grass	221700
22	11	oak	2374300
22	11	pine	1053400
22	11	shrub	830100
22	11	urban	35700
22	11	water	443900
22	12	crop	2029800
22	12	grass	222100
22	12	oak	2369800
22	12	pine	1047700
22	12	shrub	828400
22	12	urban	35700
22	12	water	443900
22	13	crop	2027800
22	13	grass	221200
22	13	oak	2353300
22	13	pine	1033200
22	13	shrub	825900
22	13	urban	35700
22	13	water	443900
22	14	crop	2036200
22	14	grass	221600
22	14	oak	2368700
22	14	pine	1049300
22	14	shrub	828500
22	14	urban	35700
22	14	water	443900
22	15	crop	2032500
22	15	grass	222200
22	15	oak	2374100
22	15	pine	1048500
22	15	shrub	829700
22	15	urban	35700
22	15	water	443900
22	16	crop	2038500
22	16	grass	222400
22	16	oak	2374900
22	16	pine	1054400
22	16	shrub	830500
22	16	urban	35700
22	16	water	443900
22	17	crop	2030600
22	17	grass	221200
22	17	oak	2356200
22	17	pine	1037100
22	17	shrub	826900
22	17	urban	35700
22	17	water	443900
22	18	crop	2024000
22	18	grass	218800
22	18	oak	2356700
22	18	pine	1034000
22	18	shrub	826200
22	18	urban	35700
22	18	water	443900
22	19	crop	2037600
22	19	grass	221800
22	19	oak	2374100
22	19	pine	1053300
22	19	shrub	829600
22	19	urban	35700
22	19	water	443900
22	20	crop	2036800
22	20	grass	222200
22	20	oak	2370400
22	20	pine	1049300
22	20	shrub	829700
22	20	urban	35700
22	20	water	443900
23	1	crop	2038100
23	1	grass	221900
23	1	oak	2374300
23	1	pine	1051000
23	1	shrub	829200
23	1	urban	35700
23	1	water	443900
23	2	crop	2036900
23	2	grass	222000
23	2	oak	2374300
23	2	pine	1052800
23	2	shrub	830000
23	2	urban	35700
23	2	water	443900
23	3	crop	2018100
23	3	grass	218800
23	3	oak	2358200
23	3	pine	1041100
23	3	shrub	827400
23	3	urban	35700
23	3	water	443900
23	4	crop	2036100
23	4	grass	221400
23	4	oak	2373400
23	4	pine	1050700
23	4	shrub	829400
23	4	urban	35700
23	4	water	443900
23	5	crop	2034700
23	5	grass	222600
23	5	oak	2375900
23	5	pine	1051500
23	5	shrub	829600
23	5	urban	35700
23	5	water	443900
23	6	crop	2026700
23	6	grass	221200
23	6	oak	2365100
23	6	pine	1047000
23	6	shrub	828200
23	6	urban	35700
23	6	water	443900
23	7	crop	2032000
23	7	grass	221500
23	7	oak	2361700
23	7	pine	1044600
23	7	shrub	827700
23	7	urban	35700
23	7	water	443900
23	8	crop	2033900
23	8	grass	222300
23	8	oak	2373600
23	8	pine	1049000
23	8	shrub	828700
23	8	urban	35700
23	8	water	443900
23	9	crop	2036900
23	9	grass	222500
23	9	oak	2372500
23	9	pine	1051400
23	9	shrub	830000
23	9	urban	35700
23	9	water	443900
23	10	crop	2039700
23	10	grass	222500
23	10	oak	2374300
23	10	pine	1050100
23	10	shrub	829900
23	10	urban	35700
23	10	water	443900
23	11	crop	2037600
23	11	grass	222500
23	11	oak	2373300
23	11	pine	1049100
23	11	shrub	829400
23	11	urban	35700
23	11	water	443900
23	12	crop	2038700
23	12	grass	222100
23	12	oak	2374200
23	12	pine	1051700
23	12	shrub	829200
23	12	urban	35700
23	12	water	443900
23	13	crop	2030600
23	13	grass	221500
23	13	oak	2368100
23	13	pine	1048300
23	13	shrub	829300
23	13	urban	35700
23	13	water	443900
23	14	crop	2034100
23	14	grass	222000
23	14	oak	2364700
23	14	pine	1047700
23	14	shrub	829100
23	14	urban	35700
23	14	water	443900
23	15	crop	2036900
23	15	grass	222700
23	15	oak	2375400
23	15	pine	1049500
23	15	shrub	829500
23	15	urban	35700
23	15	water	443900
23	16	crop	2027400
23	16	grass	221900
23	16	oak	2366800
23	16	pine	1043800
23	16	shrub	827400
23	16	urban	35700
23	16	water	443900
23	17	crop	2037200
23	17	grass	221800
23	17	oak	2372400
23	17	pine	1048300
23	17	shrub	828800
23	17	urban	35700
23	17	water	443900
23	18	crop	2025000
23	18	grass	222800
23	18	oak	2370800
23	18	pine	1034200
23	18	shrub	825300
23	18	urban	35700
23	18	water	443900
23	19	crop	2034500
23	19	grass	221200
23	19	oak	2372700
23	19	pine	1052700
23	19	shrub	830400
23	19	urban	35700
23	19	water	443900
23	20	crop	2036800
23	20	grass	222100
23	20	oak	2373700
23	20	pine	1051800
23	20	shrub	829700
23	20	urban	35700
23	20	water	443900
24	1	crop	2038700
24	1	grass	221900
24	1	oak	2373600
24	1	pine	1052100
24	1	shrub	830300
24	1	urban	35700
24	1	water	443900
24	2	crop	2037800
24	2	grass	222100
24	2	oak	2371600
24	2	pine	1051800
24	2	shrub	830200
24	2	urban	35700
24	2	water	443900
24	3	crop	2034400
24	3	grass	221600
24	3	oak	2370600
24	3	pine	1051000
24	3	shrub	829200
24	3	urban	35700
24	3	water	443900
24	4	crop	2031900
24	4	grass	220800
24	4	oak	2371100
24	4	pine	1048500
24	4	shrub	828500
24	4	urban	35700
24	4	water	443900
24	5	crop	2020000
24	5	grass	222800
24	5	oak	2372800
24	5	pine	1035000
24	5	shrub	823000
24	5	urban	35700
24	5	water	443900
24	6	crop	2034800
24	6	grass	222200
24	6	oak	2372300
24	6	pine	1047900
24	6	shrub	829500
24	6	urban	35700
24	6	water	443900
24	7	crop	2029000
24	7	grass	222200
24	7	oak	2365600
24	7	pine	1040700
24	7	shrub	826500
24	7	urban	35700
24	7	water	443900
24	8	crop	2035600
24	8	grass	221400
24	8	oak	2371600
24	8	pine	1049100
24	8	shrub	829100
24	8	urban	35700
24	8	water	443900
24	9	crop	2039500
24	9	grass	222800
24	9	oak	2376300
24	9	pine	1053500
24	9	shrub	829500
24	9	urban	35700
24	9	water	443900
24	10	crop	2031600
24	10	grass	221600
24	10	oak	2373200
24	10	pine	1050600
24	10	shrub	829100
24	10	urban	35700
24	10	water	443900
24	11	crop	2039200
24	11	grass	222800
24	11	oak	2375400
24	11	pine	1052100
24	11	shrub	829800
24	11	urban	35700
24	11	water	443900
24	12	crop	2035800
24	12	grass	221200
24	12	oak	2372500
24	12	pine	1050200
24	12	shrub	828900
24	12	urban	35700
24	12	water	443900
24	13	crop	1996400
24	13	grass	220200
24	13	oak	2325100
24	13	pine	1009200
24	13	shrub	819500
24	13	urban	35700
24	13	water	443900
24	14	crop	2033000
24	14	grass	222600
24	14	oak	2372600
24	14	pine	1047700
24	14	shrub	828000
24	14	urban	35700
24	14	water	443900
24	15	crop	2017800
24	15	grass	220500
24	15	oak	2356400
24	15	pine	1036200
24	15	shrub	824600
24	15	urban	35700
24	15	water	443900
24	16	crop	2027500
24	16	grass	222100
24	16	oak	2365400
24	16	pine	1039100
24	16	shrub	826800
24	16	urban	35700
24	16	water	443900
24	17	crop	2036700
24	17	grass	222600
24	17	oak	2373900
24	17	pine	1048700
24	17	shrub	828300
24	17	urban	35700
24	17	water	443900
24	18	crop	2021900
24	18	grass	222800
24	18	oak	2374300
24	18	pine	1039900
24	18	shrub	825600
24	18	urban	35700
24	18	water	443900
24	19	crop	2037500
24	19	grass	221400
24	19	oak	2373600
24	19	pine	1052000
24	19	shrub	830300
24	19	urban	35700
24	19	water	443900
24	20	crop	2037700
24	20	grass	221800
24	20	oak	2372400
24	20	pine	1050900
24	20	shrub	829800
24	20	urban	35700
24	20	water	443900
25	1	crop	2034400
25	1	grass	221500
25	1	oak	2373800
25	1	pine	1050100
25	1	shrub	828100
25	1	urban	35700
25	1	water	443900
25	2	crop	2031000
25	2	grass	221200
25	2	oak	2370400
25	2	pine	1045700
25	2	shrub	827400
25	2	urban	35700
25	2	water	443900
25	3	crop	2037800
25	3	grass	222100
25	3	oak	2374100
25	3	pine	1053200
25	3	shrub	829700
25	3	urban	35700
25	3	water	443900
25	4	crop	2004100
25	4	grass	217400
25	4	oak	2327800
25	4	pine	1005800
25	4	shrub	823100
25	4	urban	35700
25	4	water	443900
25	5	crop	2040300
25	5	grass	222700
25	5	oak	2375600
25	5	pine	1054000
25	5	shrub	830500
25	5	urban	35700
25	5	water	443900
25	6	crop	2038200
25	6	grass	222500
25	6	oak	2373300
25	6	pine	1051600
25	6	shrub	830000
25	6	urban	35700
25	6	water	443900
25	7	crop	2030400
25	7	grass	221800
25	7	oak	2363600
25	7	pine	1042800
25	7	shrub	828000
25	7	urban	35700
25	7	water	443900
25	8	crop	2037600
25	8	grass	222500
25	8	oak	2373400
25	8	pine	1051500
25	8	shrub	829700
25	8	urban	35700
25	8	water	443900
25	9	crop	2025500
25	9	grass	221500
25	9	oak	2358200
25	9	pine	1037700
25	9	shrub	827600
25	9	urban	35700
25	9	water	443900
25	10	crop	2027700
25	10	grass	220800
25	10	oak	2360200
25	10	pine	1037000
25	10	shrub	827700
25	10	urban	35700
25	10	water	443900
25	11	crop	2035500
25	11	grass	221600
25	11	oak	2370900
25	11	pine	1049200
25	11	shrub	829900
25	11	urban	35700
25	11	water	443900
25	12	crop	2040300
25	12	grass	222700
25	12	oak	2376700
25	12	pine	1054000
25	12	shrub	830000
25	12	urban	35700
25	12	water	443900
25	13	crop	2037800
25	13	grass	222600
25	13	oak	2375300
25	13	pine	1052600
25	13	shrub	829200
25	13	urban	35700
25	13	water	443900
25	14	crop	2032800
25	14	grass	221500
25	14	oak	2374000
25	14	pine	1048400
25	14	shrub	829700
25	14	urban	35700
25	14	water	443900
25	15	crop	2024700
25	15	grass	222700
25	15	oak	2374500
25	15	pine	1044400
25	15	shrub	825700
25	15	urban	35700
25	15	water	443900
25	16	crop	2028200
25	16	grass	221600
25	16	oak	2369000
25	16	pine	1048300
25	16	shrub	829300
25	16	urban	35700
25	16	water	443900
25	17	crop	2018800
25	17	grass	218800
25	17	oak	2360200
25	17	pine	1047900
25	17	shrub	827500
25	17	urban	35700
25	17	water	443900
25	18	crop	2031800
25	18	grass	222000
25	18	oak	2374300
25	18	pine	1050900
25	18	shrub	828300
25	18	urban	35700
25	18	water	443900
25	19	crop	2031900
25	19	grass	221300
25	19	oak	2366700
25	19	pine	1049500
25	19	shrub	829600
25	19	urban	35700
25	19	water	443900
25	20	crop	2034000
25	20	grass	222200
25	20	oak	2370000
25	20	pine	1049700
25	20	shrub	828800
25	20	urban	35700
25	20	water	443900
26	1	crop	2032200
26	1	grass	218800
26	1	oak	2369500
26	1	pine	1048700
26	1	shrub	829100
26	1	urban	35700
26	1	water	443900
26	2	crop	2032500
26	2	grass	221600
26	2	oak	2365700
26	2	pine	1048300
26	2	shrub	828900
26	2	urban	35700
26	2	water	443900
26	3	crop	2027000
26	3	grass	217800
26	3	oak	2353800
26	3	pine	1035700
26	3	shrub	827000
26	3	urban	35700
26	3	water	443900
26	4	crop	2035300
26	4	grass	221500
26	4	oak	2371000
26	4	pine	1048400
26	4	shrub	828300
26	4	urban	35700
26	4	water	443900
26	5	crop	2039400
26	5	grass	222800
26	5	oak	2373600
26	5	pine	1051700
26	5	shrub	829600
26	5	urban	35700
26	5	water	443900
26	6	crop	2039000
26	6	grass	222600
26	6	oak	2373300
26	6	pine	1051200
26	6	shrub	829800
26	6	urban	35700
26	6	water	443900
26	7	crop	2026800
26	7	grass	221800
26	7	oak	2355900
26	7	pine	1036500
26	7	shrub	827200
26	7	urban	35700
26	7	water	443900
26	8	crop	2005400
26	8	grass	220200
26	8	oak	2339900
26	8	pine	1016200
26	8	shrub	823500
26	8	urban	35700
26	8	water	443900
26	9	crop	2033200
26	9	grass	221900
26	9	oak	2366000
26	9	pine	1043700
26	9	shrub	829200
26	9	urban	35700
26	9	water	443900
26	10	crop	2030400
26	10	grass	222300
26	10	oak	2368200
26	10	pine	1049800
26	10	shrub	828700
26	10	urban	35700
26	10	water	443900
26	11	crop	2031800
26	11	grass	222000
26	11	oak	2371500
26	11	pine	1047500
26	11	shrub	828900
26	11	urban	35700
26	11	water	443900
26	12	crop	2038200
26	12	grass	222500
26	12	oak	2374400
26	12	pine	1051900
26	12	shrub	829900
26	12	urban	35700
26	12	water	443900
26	13	crop	2035500
26	13	grass	222300
26	13	oak	2371500
26	13	pine	1049900
26	13	shrub	829500
26	13	urban	35700
26	13	water	443900
26	14	crop	2030800
26	14	grass	221000
26	14	oak	2369100
26	14	pine	1050200
26	14	shrub	829000
26	14	urban	35700
26	14	water	443900
26	15	crop	2028100
26	15	grass	221900
26	15	oak	2359700
26	15	pine	1037300
26	15	shrub	826700
26	15	urban	35700
26	15	water	443900
26	16	crop	2039800
26	16	grass	222300
26	16	oak	2376100
26	16	pine	1053900
26	16	shrub	830100
26	16	urban	35700
26	16	water	443900
26	17	crop	2040700
26	17	grass	222800
26	17	oak	2377100
26	17	pine	1054000
26	17	shrub	830200
26	17	urban	35700
26	17	water	443900
26	18	crop	2034100
26	18	grass	222000
26	18	oak	2370700
26	18	pine	1049400
26	18	shrub	829400
26	18	urban	35700
26	18	water	443900
26	19	crop	2040100
26	19	grass	222400
26	19	oak	2375500
26	19	pine	1050900
26	19	shrub	830100
26	19	urban	35700
26	19	water	443900
26	20	crop	2034200
26	20	grass	221700
26	20	oak	2365700
26	20	pine	1045900
26	20	shrub	829400
26	20	urban	35700
26	20	water	443900
27	1	crop	2021600
27	1	grass	217500
27	1	oak	2360800
27	1	pine	1047800
27	1	shrub	828600
27	1	urban	35700
27	1	water	443900
27	2	crop	2024300
27	2	grass	221200
27	2	oak	2362800
27	2	pine	1042400
27	2	shrub	825300
27	2	urban	35700
27	2	water	443900
27	3	crop	2034200
27	3	grass	220200
27	3	oak	2369200
27	3	pine	1049400
27	3	shrub	829300
27	3	urban	35700
27	3	water	443900
27	4	crop	2038600
27	4	grass	222000
27	4	oak	2373900
27	4	pine	1054100
27	4	shrub	830200
27	4	urban	35700
27	4	water	443900
27	5	crop	2039300
27	5	grass	221800
27	5	oak	2373800
27	5	pine	1053400
27	5	shrub	830500
27	5	urban	35700
27	5	water	443900
27	6	crop	2034000
27	6	grass	222100
27	6	oak	2370900
27	6	pine	1051600
27	6	shrub	829800
27	6	urban	35700
27	6	water	443900
27	7	crop	2028500
27	7	grass	222300
27	7	oak	2365000
27	7	pine	1039600
27	7	shrub	827000
27	7	urban	35700
27	7	water	443900
27	8	crop	2024600
27	8	grass	221900
27	8	oak	2359300
27	8	pine	1039800
27	8	shrub	827700
27	8	urban	35700
27	8	water	443900
27	9	crop	2035000
27	9	grass	222400
27	9	oak	2372800
27	9	pine	1049800
27	9	shrub	829100
27	9	urban	35700
27	9	water	443900
27	10	crop	2034000
27	10	grass	221700
27	10	oak	2369400
27	10	pine	1047000
27	10	shrub	830300
27	10	urban	35700
27	10	water	443900
27	11	crop	2034300
27	11	grass	221000
27	11	oak	2370800
27	11	pine	1050800
27	11	shrub	829500
27	11	urban	35700
27	11	water	443900
27	12	crop	2031800
27	12	grass	222200
27	12	oak	2363500
27	12	pine	1041900
27	12	shrub	827800
27	12	urban	35700
27	12	water	443900
27	13	crop	2007000
27	13	grass	220900
27	13	oak	2339700
27	13	pine	1014800
27	13	shrub	821800
27	13	urban	35700
27	13	water	443900
27	14	crop	2039800
27	14	grass	222600
27	14	oak	2376000
27	14	pine	1053300
27	14	shrub	829900
27	14	urban	35700
27	14	water	443900
27	15	crop	2029200
27	15	grass	222400
27	15	oak	2369400
27	15	pine	1041700
27	15	shrub	827900
27	15	urban	35700
27	15	water	443900
27	16	crop	2027700
27	16	grass	220800
27	16	oak	2362100
27	16	pine	1037300
27	16	shrub	827600
27	16	urban	35700
27	16	water	443900
27	17	crop	2020000
27	17	grass	218200
27	17	oak	2356500
27	17	pine	1045700
27	17	shrub	828100
27	17	urban	35700
27	17	water	443900
27	18	crop	2035300
27	18	grass	221200
27	18	oak	2370000
27	18	pine	1050400
27	18	shrub	828700
27	18	urban	35700
27	18	water	443900
27	19	crop	2041400
27	19	grass	222700
27	19	oak	2376100
27	19	pine	1054000
27	19	shrub	830600
27	19	urban	35700
27	19	water	443900
27	20	crop	2040200
27	20	grass	222800
27	20	oak	2375800
27	20	pine	1053100
27	20	shrub	829800
27	20	urban	35700
27	20	water	443900
28	1	crop	2030900
28	1	grass	220800
28	1	oak	2364600
28	1	pine	1042200
28	1	shrub	827600
28	1	urban	35700
28	1	water	443900
28	2	crop	2034500
28	2	grass	222100
28	2	oak	2372900
28	2	pine	1048900
28	2	shrub	828300
28	2	urban	35700
28	2	water	443900
28	3	crop	2040400
28	3	grass	222700
28	3	oak	2373400
28	3	pine	1051100
28	3	shrub	829700
28	3	urban	35700
28	3	water	443900
28	4	crop	2027000
28	4	grass	221200
28	4	oak	2349600
28	4	pine	1037100
28	4	shrub	827600
28	4	urban	35700
28	4	water	443900
28	5	crop	2020500
28	5	grass	217900
28	5	oak	2362200
28	5	pine	1047800
28	5	shrub	827600
28	5	urban	35700
28	5	water	443900
28	6	crop	2033600
28	6	grass	221500
28	6	oak	2370800
28	6	pine	1049100
28	6	shrub	829600
28	6	urban	35700
28	6	water	443900
28	7	crop	2040500
28	7	grass	222800
28	7	oak	2377300
28	7	pine	1052900
28	7	shrub	829700
28	7	urban	35700
28	7	water	443900
28	8	crop	2012800
28	8	grass	217400
28	8	oak	2348200
28	8	pine	1036700
28	8	shrub	825800
28	8	urban	35700
28	8	water	443900
28	9	crop	2020200
28	9	grass	220200
28	9	oak	2357500
28	9	pine	1044900
28	9	shrub	828100
28	9	urban	35700
28	9	water	443900
28	10	crop	2027300
28	10	grass	222400
28	10	oak	2368100
28	10	pine	1048400
28	10	shrub	827700
28	10	urban	35700
28	10	water	443900
28	11	crop	2038400
28	11	grass	222700
28	11	oak	2373400
28	11	pine	1050900
28	11	shrub	830100
28	11	urban	35700
28	11	water	443900
28	12	crop	2031500
28	12	grass	221400
28	12	oak	2367800
28	12	pine	1046000
28	12	shrub	828600
28	12	urban	35700
28	12	water	443900
28	13	crop	2039600
28	13	grass	222700
28	13	oak	2375000
28	13	pine	1049200
28	13	shrub	829300
28	13	urban	35700
28	13	water	443900
28	14	crop	2027200
28	14	grass	222700
28	14	oak	2372800
28	14	pine	1044300
28	14	shrub	827200
28	14	urban	35700
28	14	water	443900
28	15	crop	2035500
28	15	grass	222100
28	15	oak	2374200
28	15	pine	1050400
28	15	shrub	829600
28	15	urban	35700
28	15	water	443900
28	16	crop	2026000
28	16	grass	221800
28	16	oak	2365600
28	16	pine	1041000
28	16	shrub	827900
28	16	urban	35700
28	16	water	443900
28	17	crop	2032600
28	17	grass	222500
28	17	oak	2373300
28	17	pine	1046300
28	17	shrub	828300
28	17	urban	35700
28	17	water	443900
28	18	crop	2032400
28	18	grass	222500
28	18	oak	2374000
28	18	pine	1048200
28	18	shrub	827800
28	18	urban	35700
28	18	water	443900
28	19	crop	2036400
28	19	grass	222400
28	19	oak	2373200
28	19	pine	1053200
28	19	shrub	829700
28	19	urban	35700
28	19	water	443900
28	20	crop	2037100
28	20	grass	221700
28	20	oak	2373800
28	20	pine	1050400
28	20	shrub	829300
28	20	urban	35700
28	20	water	443900
29	1	crop	2034600
29	1	grass	222400
29	1	oak	2372200
29	1	pine	1049500
29	1	shrub	828400
29	1	urban	35700
29	1	water	443900
29	2	crop	2033600
29	2	grass	222700
29	2	oak	2370600
29	2	pine	1044600
29	2	shrub	827900
29	2	urban	35700
29	2	water	443900
29	3	crop	2031200
29	3	grass	221800
29	3	oak	2372700
29	3	pine	1048000
29	3	shrub	828700
29	3	urban	35700
29	3	water	443900
29	4	crop	2035300
29	4	grass	222500
29	4	oak	2371300
29	4	pine	1049200
29	4	shrub	829300
29	4	urban	35700
29	4	water	443900
29	5	crop	2034200
29	5	grass	220900
29	5	oak	2370500
29	5	pine	1049300
29	5	shrub	829000
29	5	urban	35700
29	5	water	443900
29	6	crop	2037700
29	6	grass	222300
29	6	oak	2372600
29	6	pine	1053800
29	6	shrub	830100
29	6	urban	35700
29	6	water	443900
29	7	crop	2023200
29	7	grass	220900
29	7	oak	2359600
29	7	pine	1035800
29	7	shrub	825700
29	7	urban	35700
29	7	water	443900
29	8	crop	2030000
29	8	grass	221500
29	8	oak	2366100
29	8	pine	1040600
29	8	shrub	827000
29	8	urban	35700
29	8	water	443900
29	9	crop	2036300
29	9	grass	222000
29	9	oak	2371700
29	9	pine	1050600
29	9	shrub	829600
29	9	urban	35700
29	9	water	443900
29	10	crop	2020500
29	10	grass	222000
29	10	oak	2369200
29	10	pine	1041800
29	10	shrub	826400
29	10	urban	35700
29	10	water	443900
29	11	crop	2030400
29	11	grass	222300
29	11	oak	2368900
29	11	pine	1046500
29	11	shrub	828700
29	11	urban	35700
29	11	water	443900
29	12	crop	2040100
29	12	grass	222600
29	12	oak	2374500
29	12	pine	1050800
29	12	shrub	830200
29	12	urban	35700
29	12	water	443900
29	13	crop	2035100
29	13	grass	222400
29	13	oak	2369200
29	13	pine	1048200
29	13	shrub	829000
29	13	urban	35700
29	13	water	443900
29	14	crop	2037600
29	14	grass	221600
29	14	oak	2371800
29	14	pine	1052400
29	14	shrub	830000
29	14	urban	35700
29	14	water	443900
29	15	crop	2021500
29	15	grass	220500
29	15	oak	2368800
29	15	pine	1040800
29	15	shrub	824800
29	15	urban	35700
29	15	water	443900
29	16	crop	2027400
29	16	grass	221700
29	16	oak	2365300
29	16	pine	1045100
29	16	shrub	828300
29	16	urban	35700
29	16	water	443900
29	17	crop	2036900
29	17	grass	222700
29	17	oak	2374400
29	17	pine	1048400
29	17	shrub	829700
29	17	urban	35700
29	17	water	443900
29	18	crop	2036400
29	18	grass	221200
29	18	oak	2372300
29	18	pine	1050700
29	18	shrub	829500
29	18	urban	35700
29	18	water	443900
29	19	crop	2035400
29	19	grass	222500
29	19	oak	2370500
29	19	pine	1047700
29	19	shrub	829100
29	19	urban	35700
29	19	water	443900
29	20	crop	2035600
29	20	grass	222200
29	20	oak	2371500
29	20	pine	1050200
29	20	shrub	829800
29	20	urban	35700
29	20	water	443900
30	1	crop	2019800
30	1	grass	220600
30	1	oak	2354600
30	1	pine	1036800
30	1	shrub	825900
30	1	urban	35700
30	1	water	443900
30	2	crop	2015700
30	2	grass	220900
30	2	oak	2351400
30	2	pine	1027700
30	2	shrub	824800
30	2	urban	35700
30	2	water	443900
30	3	crop	2014800
30	3	grass	220800
30	3	oak	2365900
30	3	pine	1039800
30	3	shrub	825200
30	3	urban	35700
30	3	water	443900
30	4	crop	2038500
30	4	grass	222400
30	4	oak	2375400
30	4	pine	1051500
30	4	shrub	829300
30	4	urban	35700
30	4	water	443900
30	5	crop	2025600
30	5	grass	219600
30	5	oak	2369200
30	5	pine	1046500
30	5	shrub	826400
30	5	urban	35700
30	5	water	443900
30	6	crop	2035200
30	6	grass	222000
30	6	oak	2374100
30	6	pine	1051600
30	6	shrub	830000
30	6	urban	35700
30	6	water	443900
30	7	crop	2036400
30	7	grass	221500
30	7	oak	2370200
30	7	pine	1047800
30	7	shrub	829100
30	7	urban	35700
30	7	water	443900
30	8	crop	2016000
30	8	grass	219300
30	8	oak	2349600
30	8	pine	1031900
30	8	shrub	826100
30	8	urban	35700
30	8	water	443900
30	9	crop	2028600
30	9	grass	221900
30	9	oak	2366700
30	9	pine	1043000
30	9	shrub	828000
30	9	urban	35700
30	9	water	443900
30	10	crop	2019200
30	10	grass	217300
30	10	oak	2357500
30	10	pine	1045200
30	10	shrub	828000
30	10	urban	35700
30	10	water	443900
30	11	crop	2031000
30	11	grass	219600
30	11	oak	2366000
30	11	pine	1049300
30	11	shrub	829200
30	11	urban	35700
30	11	water	443900
30	12	crop	2025700
30	12	grass	220900
30	12	oak	2359300
30	12	pine	1037600
30	12	shrub	826500
30	12	urban	35700
30	12	water	443900
30	13	crop	2032700
30	13	grass	221400
30	13	oak	2370700
30	13	pine	1051000
30	13	shrub	829200
30	13	urban	35700
30	13	water	443900
30	14	crop	2033100
30	14	grass	222100
30	14	oak	2371200
30	14	pine	1051300
30	14	shrub	829000
30	14	urban	35700
30	14	water	443900
30	15	crop	2033200
30	15	grass	221000
30	15	oak	2369900
30	15	pine	1050500
30	15	shrub	829800
30	15	urban	35700
30	15	water	443900
30	16	crop	2038400
30	16	grass	222500
30	16	oak	2376000
30	16	pine	1050500
30	16	shrub	829000
30	16	urban	35700
30	16	water	443900
30	17	crop	2034000
30	17	grass	221600
30	17	oak	2371100
30	17	pine	1050900
30	17	shrub	829000
30	17	urban	35700
30	17	water	443900
30	18	crop	2033900
30	18	grass	222500
30	18	oak	2372000
30	18	pine	1050200
30	18	shrub	829900
30	18	urban	35700
30	18	water	443900
30	19	crop	2038600
30	19	grass	221900
30	19	oak	2373400
30	19	pine	1050700
30	19	shrub	829600
30	19	urban	35700
30	19	water	443900
30	20	crop	2027100
30	20	grass	221900
30	20	oak	2360100
30	20	pine	1039500
30	20	shrub	827700
30	20	urban	35700
30	20	water	443900
