run	year	lct	area
1	0	crop	2043000
1	0	grass	222800
1	0	oak	2377700
1	0	pine	1055400
1	0	shrub	830800
1	0	urban	35700
1	0	water	443900
1	1	crop	2043000
1	1	grass	222800
1	1	oak	2377700
1	1	pine	1055400
1	1	shrub	830800
1	1	urban	35700
1	1	water	443900
1	2	crop	2043000
1	2	grass	222800
1	2	oak	2377700
1	2	pine	1055400
1	2	shrub	830800
1	2	urban	35700
1	2	water	443900
1	3	crop	2043000
1	3	grass	222800
1	3	oak	2377700
1	3	pine	1055400
1	3	shrub	830800
1	3	urban	35700
1	3	water	443900
1	4	crop	2043000
1	4	grass	222800
1	4	oak	2377700
1	4	pine	1055400
1	4	shrub	830800
1	4	urban	35700
1	4	water	443900
1	5	crop	2043000
1	5	grass	222800
1	5	oak	2377700
1	5	pine	1055400
1	5	shrub	830800
1	5	urban	35700
1	5	water	443900
1	6	crop	2043000
1	6	grass	222800
1	6	oak	2377700
1	6	pine	1055400
1	6	shrub	830800
1	6	urban	35700
1	6	water	443900
1	7	crop	2043000
1	7	grass	222800
1	7	oak	2377700
1	7	pine	1055400
1	7	shrub	830800
1	7	urban	35700
1	7	water	443900
1	8	crop	2043000
1	8	grass	222800
1	8	oak	2377700
1	8	pine	1055400
1	8	shrub	830800
1	8	urban	35700
1	8	water	443900
1	9	crop	2043000
1	9	grass	222800
1	9	oak	2377700
1	9	pine	1055400
1	9	shrub	830800
1	9	urban	35700
1	9	water	443900
1	10	crop	2043000
1	10	grass	222800
1	10	oak	2377700
1	10	pine	1055400
1	10	shrub	830800
1	10	urban	35700
1	10	water	443900
1	11	crop	2043000
1	11	grass	222800
1	11	oak	2377700
1	11	pine	1055400
1	11	shrub	830800
1	11	urban	35700
1	11	water	443900
1	12	crop	2043000
1	12	grass	222800
1	12	oak	2377700
1	12	pine	1055400
1	12	shrub	830800
1	12	urban	35700
1	12	water	443900
1	13	crop	2043000
1	13	grass	222800
1	13	oak	2377700
1	13	pine	1055400
1	13	shrub	830800
1	13	urban	35700
1	13	water	443900
1	14	crop	2043000
1	14	grass	222800
1	14	oak	2377700
1	14	pine	1055400
1	14	shrub	830800
1	14	urban	35700
1	14	water	443900
1	15	crop	2043000
1	15	grass	222800
1	15	oak	2377700
1	15	pine	1055400
1	15	shrub	830800
1	15	urban	35700
1	15	water	443900
1	16	crop	2043000
1	16	grass	222800
1	16	oak	2377700
1	16	pine	1055400
1	16	shrub	830800
1	16	urban	35700
1	16	water	443900
1	17	crop	2043000
1	17	grass	222800
1	17	oak	2377700
1	17	pine	1055400
1	17	shrub	830800
1	17	urban	35700
1	17	water	443900
1	18	crop	2043000
1	18	grass	222800
1	18	oak	2377700
1	18	pine	1055400
1	18	shrub	830800
1	18	urban	35700
1	18	water	443900
1	19	crop	2043000
1	19	grass	222800
1	19	oak	2377700
1	19	pine	1055400
1	19	shrub	830800
1	19	urban	35700
1	19	water	443900
1	20	crop	2043000
1	20	grass	222800
1	20	oak	2377700
1	20	pine	1055400
1	20	shrub	830800
1	20	urban	35700
1	20	water	443900
2	0	crop	2043000
2	0	grass	222800
2	0	oak	2377700
2	0	pine	1055400
2	0	shrub	830800
2	0	urban	35700
2	0	water	443900
2	1	crop	2043000
2	1	grass	222800
2	1	oak	2377700
2	1	pine	1055400
2	1	shrub	830800
2	1	urban	35700
2	1	water	443900
2	2	crop	2043000
2	2	grass	222800
2	2	oak	2377700
2	2	pine	1055400
2	2	shrub	830800
2	2	urban	35700
2	2	water	443900
2	3	crop	2043000
2	3	grass	222800
2	3	oak	2377700
2	3	pine	1055400
2	3	shrub	830800
2	3	urban	35700
2	3	water	443900
2	4	crop	2043000
2	4	grass	222800
2	4	oak	2377700
2	4	pine	1055400
2	4	shrub	830800
2	4	urban	35700
2	4	water	443900
2	5	crop	2043000
2	5	grass	222800
2	5	oak	2377700
2	5	pine	1055400
2	5	shrub	830800
2	5	urban	35700
2	5	water	443900
2	6	crop	2043000
2	6	grass	222800
2	6	oak	2377700
2	6	pine	1055400
2	6	shrub	830800
2	6	urban	35700
2	6	water	443900
2	7	crop	2043000
2	7	grass	222800
2	7	oak	2377700
2	7	pine	1055400
2	7	shrub	830800
2	7	urban	35700
2	7	water	443900
2	8	crop	2043000
2	8	grass	222800
2	8	oak	2377700
2	8	pine	1055400
2	8	shrub	830800
2	8	urban	35700
2	8	water	443900
2	9	crop	2043000
2	9	grass	222800
2	9	oak	2377700
2	9	pine	1055400
2	9	shrub	830800
2	9	urban	35700
2	9	water	443900
2	10	crop	2043000
2	10	grass	222800
2	10	oak	2377700
2	10	pine	1055400
2	10	shrub	830800
2	10	urban	35700
2	10	water	443900
2	11	crop	2043000
2	11	grass	222800
2	11	oak	2377700
2	11	pine	1055400
2	11	shrub	830800
2	11	urban	35700
2	11	water	443900
2	12	crop	2043000
2	12	grass	222800
2	12	oak	2377700
2	12	pine	1055400
2	12	shrub	830800
2	12	urban	35700
2	12	water	443900
2	13	crop	2043000
2	13	grass	222800
2	13	oak	2377700
2	13	pine	1055400
2	13	shrub	830800
2	13	urban	35700
2	13	water	443900
2	14	crop	2043000
2	14	grass	222800
2	14	oak	2377700
2	14	pine	1055400
2	14	shrub	830800
2	14	urban	35700
2	14	water	443900
2	15	crop	2043000
2	15	grass	222800
2	15	oak	2377700
2	15	pine	1055400
2	15	shrub	830800
2	15	urban	35700
2	15	water	443900
2	16	crop	2043000
2	16	grass	222800
2	16	oak	2377700
2	16	pine	1055400
2	16	shrub	830800
2	16	urban	35700
2	16	water	443900
2	17	crop	2043000
2	17	grass	222800
2	17	oak	2377700
2	17	pine	1055400
2	17	shrub	830800
2	17	urban	35700
2	17	water	443900
2	18	crop	2043000
2	18	grass	222800
2	18	oak	2377700
2	18	pine	1055400
2	18	shrub	830800
2	18	urban	35700
2	18	water	443900
2	19	crop	2043000
2	19	grass	222800
2	19	oak	2377700
2	19	pine	1055400
2	19	shrub	830800
2	19	urban	35700
2	19	water	443900
2	20	crop	2043000
2	20	grass	222800
2	20	oak	2377700
2	20	pine	1055400
2	20	shrub	830800
2	20	urban	35700
2	20	water	443900
3	0	crop	2043000
3	0	grass	222800
3	0	oak	2377700
3	0	pine	1055400
3	0	shrub	830800
3	0	urban	35700
3	0	water	443900
3	1	crop	2043000
3	1	grass	222800
3	1	oak	2377700
3	1	pine	1055400
3	1	shrub	830800
3	1	urban	35700
3	1	water	443900
3	2	crop	2043000
3	2	grass	222800
3	2	oak	2377700
3	2	pine	1055400
3	2	shrub	830800
3	2	urban	35700
3	2	water	443900
3	3	crop	2043000
3	3	grass	222800
3	3	oak	2377700
3	3	pine	1055400
3	3	shrub	830800
3	3	urban	35700
3	3	water	443900
3	4	crop	2043000
3	4	grass	222800
3	4	oak	2377700
3	4	pine	1055400
3	4	shrub	830800
3	4	urban	35700
3	4	water	443900
3	5	crop	2043000
3	5	grass	222800
3	5	oak	2377700
3	5	pine	1055400
3	5	shrub	830800
3	5	urban	35700
3	5	water	443900
3	6	crop	2043000
3	6	grass	222800
3	6	oak	2377700
3	6	pine	1055400
3	6	shrub	830800
3	6	urban	35700
3	6	water	443900
3	7	crop	2043000
3	7	grass	222800
3	7	oak	2377700
3	7	pine	1055400
3	7	shrub	830800
3	7	urban	35700
3	7	water	443900
3	8	crop	2043000
3	8	grass	222800
3	8	oak	2377700
3	8	pine	1055400
3	8	shrub	830800
3	8	urban	35700
3	8	water	443900
3	9	crop	2043000
3	9	grass	222800
3	9	oak	2377700
3	9	pine	1055400
3	9	shrub	830800
3	9	urban	35700
3	9	water	443900
3	10	crop	2043000
3	10	grass	222800
3	10	oak	2377700
3	10	pine	1055400
3	10	shrub	830800
3	10	urban	35700
3	10	water	443900
3	11	crop	2043000
3	11	grass	222800
3	11	oak	2377700
3	11	pine	1055400
3	11	shrub	830800
3	11	urban	35700
3	11	water	443900
3	12	crop	2043000
3	12	grass	222800
3	12	oak	2377700
3	12	pine	1055400
3	12	shrub	830800
3	12	urban	35700
3	12	water	443900
3	13	crop	2043000
3	13	grass	222800
3	13	oak	2377700
3	13	pine	1055400
3	13	shrub	830800
3	13	urban	35700
3	13	water	443900
3	14	crop	2043000
3	14	grass	222800
3	14	oak	2377700
3	14	pine	1055400
3	14	shrub	830800
3	14	urban	35700
3	14	water	443900
3	15	crop	2043000
3	15	grass	222800
3	15	oak	2377700
3	15	pine	1055400
3	15	shrub	830800
3	15	urban	35700
3	15	water	443900
3	16	crop	2043000
3	16	grass	222800
3	16	oak	2377700
3	16	pine	1055400
3	16	shrub	830800
3	16	urban	35700
3	16	water	443900
3	17	crop	2043000
3	17	grass	222800
3	17	oak	2377700
3	17	pine	1055400
3	17	shrub	830800
3	17	urban	35700
3	17	water	443900
3	18	crop	2043000
3	18	grass	222800
3	18	oak	2377700
3	18	pine	1055400
3	18	shrub	830800
3	18	urban	35700
3	18	water	443900
3	19	crop	2043000
3	19	grass	222800
3	19	oak	2377700
3	19	pine	1055400
3	19	shrub	830800
3	19	urban	35700
3	19	water	443900
3	20	crop	2043000
3	20	grass	222800
3	20	oak	2377700
3	20	pine	1055400
3	20	shrub	830800
3	20	urban	35700
3	20	water	443900
4	0	crop	2043000
4	0	grass	222800
4	0	oak	2377700
4	0	pine	1055400
4	0	shrub	830800
4	0	urban	35700
4	0	water	443900
4	1	crop	2043000
4	1	grass	222800
4	1	oak	2377700
4	1	pine	1055400
4	1	shrub	830800
4	1	urban	35700
4	1	water	443900
4	2	crop	2043000
4	2	grass	222800
4	2	oak	2377700
4	2	pine	1055400
4	2	shrub	830800
4	2	urban	35700
4	2	water	443900
4	3	crop	2043000
4	3	grass	222800
4	3	oak	2377700
4	3	pine	1055400
4	3	shrub	830800
4	3	urban	35700
4	3	water	443900
4	4	crop	2043000
4	4	grass	222800
4	4	oak	2377700
4	4	pine	1055400
4	4	shrub	830800
4	4	urban	35700
4	4	water	443900
4	5	crop	2043000
4	5	grass	222800
4	5	oak	2377700
4	5	pine	1055400
4	5	shrub	830800
4	5	urban	35700
4	5	water	443900
4	6	crop	2043000
4	6	grass	222800
4	6	oak	2377700
4	6	pine	1055400
4	6	shrub	830800
4	6	urban	35700
4	6	water	443900
4	7	crop	2043000
4	7	grass	222800
4	7	oak	2377700
4	7	pine	1055400
4	7	shrub	830800
4	7	urban	35700
4	7	water	443900
4	8	crop	2043000
4	8	grass	222800
4	8	oak	2377700
4	8	pine	1055400
4	8	shrub	830800
4	8	urban	35700
4	8	water	443900
4	9	crop	2043000
4	9	grass	222800
4	9	oak	2377700
4	9	pine	1055400
4	9	shrub	830800
4	9	urban	35700
4	9	water	443900
4	10	crop	2043000
4	10	grass	222800
4	10	oak	2377700
4	10	pine	1055400
4	10	shrub	830800
4	10	urban	35700
4	10	water	443900
4	11	crop	2043000
4	11	grass	222800
4	11	oak	2377700
4	11	pine	1055400
4	11	shrub	830800
4	11	urban	35700
4	11	water	443900
4	12	crop	2043000
4	12	grass	222800
4	12	oak	2377700
4	12	pine	1055400
4	12	shrub	830800
4	12	urban	35700
4	12	water	443900
4	13	crop	2043000
4	13	grass	222800
4	13	oak	2377700
4	13	pine	1055400
4	13	shrub	830800
4	13	urban	35700
4	13	water	443900
4	14	crop	2043000
4	14	grass	222800
4	14	oak	2377700
4	14	pine	1055400
4	14	shrub	830800
4	14	urban	35700
4	14	water	443900
4	15	crop	2043000
4	15	grass	222800
4	15	oak	2377700
4	15	pine	1055400
4	15	shrub	830800
4	15	urban	35700
4	15	water	443900
4	16	crop	2043000
4	16	grass	222800
4	16	oak	2377700
4	16	pine	1055400
4	16	shrub	830800
4	16	urban	35700
4	16	water	443900
4	17	crop	2043000
4	17	grass	222800
4	17	oak	2377700
4	17	pine	1055400
4	17	shrub	830800
4	17	urban	35700
4	17	water	443900
4	18	crop	2043000
4	18	grass	222800
4	18	oak	2377700
4	18	pine	1055400
4	18	shrub	830800
4	18	urban	35700
4	18	water	443900
4	19	crop	2043000
4	19	grass	222800
4	19	oak	2377700
4	19	pine	1055400
4	19	shrub	830800
4	19	urban	35700
4	19	water	443900
4	20	crop	2043000
4	20	grass	222800
4	20	oak	2377700
4	20	pine	1055400
4	20	shrub	830800
4	20	urban	35700
4	20	water	443900
5	0	crop	2043000
5	0	grass	222800
5	0	oak	2377700
5	0	pine	1055400
5	0	shrub	830800
5	0	urban	35700
5	0	water	443900
5	1	crop	2043000
5	1	grass	222800
5	1	oak	2377700
5	1	pine	1055400
5	1	shrub	830800
5	1	urban	35700
5	1	water	443900
5	2	crop	2043000
5	2	grass	222800
5	2	oak	2377700
5	2	pine	1055400
5	2	shrub	830800
5	2	urban	35700
5	2	water	443900
5	3	crop	2043000
5	3	grass	222800
5	3	oak	2377700
5	3	pine	1055400
5	3	shrub	830800
5	3	urban	35700
5	3	water	443900
5	4	crop	2043000
5	4	grass	222800
5	4	oak	2377700
5	4	pine	1055400
5	4	shrub	830800
5	4	urban	35700
5	4	water	443900
5	5	crop	2043000
5	5	grass	222800
5	5	oak	2377700
5	5	pine	1055400
5	5	shrub	830800
5	5	urban	35700
5	5	water	443900
5	6	crop	2043000
5	6	grass	222800
5	6	oak	2377700
5	6	pine	1055400
5	6	shrub	830800
5	6	urban	35700
5	6	water	443900
5	7	crop	2043000
5	7	grass	222800
5	7	oak	2377700
5	7	pine	1055400
5	7	shrub	830800
5	7	urban	35700
5	7	water	443900
5	8	crop	2043000
5	8	grass	222800
5	8	oak	2377700
5	8	pine	1055400
5	8	shrub	830800
5	8	urban	35700
5	8	water	443900
5	9	crop	2043000
5	9	grass	222800
5	9	oak	2377700
5	9	pine	1055400
5	9	shrub	830800
5	9	urban	35700
5	9	water	443900
5	10	crop	2043000
5	10	grass	222800
5	10	oak	2377700
5	10	pine	1055400
5	10	shrub	830800
5	10	urban	35700
5	10	water	443900
5	11	crop	2043000
5	11	grass	222800
5	11	oak	2377700
5	11	pine	1055400
5	11	shrub	830800
5	11	urban	35700
5	11	water	443900
5	12	crop	2043000
5	12	grass	222800
5	12	oak	2377700
5	12	pine	1055400
5	12	shrub	830800
5	12	urban	35700
5	12	water	443900
5	13	crop	2043000
5	13	grass	222800
5	13	oak	2377700
5	13	pine	1055400
5	13	shrub	830800
5	13	urban	35700
5	13	water	443900
5	14	crop	2043000
5	14	grass	222800
5	14	oak	2377700
5	14	pine	1055400
5	14	shrub	830800
5	14	urban	35700
5	14	water	443900
5	15	crop	2043000
5	15	grass	222800
5	15	oak	2377700
5	15	pine	1055400
5	15	shrub	830800
5	15	urban	35700
5	15	water	443900
5	16	crop	2043000
5	16	grass	222800
5	16	oak	2377700
5	16	pine	1055400
5	16	shrub	830800
5	16	urban	35700
5	16	water	443900
5	17	crop	2043000
5	17	grass	222800
5	17	oak	2377700
5	17	pine	1055400
5	17	shrub	830800
5	17	urban	35700
5	17	water	443900
5	18	crop	2043000
5	18	grass	222800
5	18	oak	2377700
5	18	pine	1055400
5	18	shrub	830800
5	18	urban	35700
5	18	water	443900
5	19	crop	2043000
5	19	grass	222800
5	19	oak	2377700
5	19	pine	1055400
5	19	shrub	830800
5	19	urban	35700
5	19	water	443900
5	20	crop	2043000
5	20	grass	222800
5	20	oak	2377700
5	20	pine	1055400
5	20	shrub	830800
5	20	urban	35700
5	20	water	443900
6	0	crop	2043000
6	0	grass	222800
6	0	oak	2377700
6	0	pine	1055400
6	0	shrub	830800
6	0	urban	35700
6	0	water	443900
6	1	crop	2043000
6	1	grass	222800
6	1	oak	2377700
6	1	pine	1055400
6	1	shrub	830800
6	1	urban	35700
6	1	water	443900
6	2	crop	2043000
6	2	grass	222800
6	2	oak	2377700
6	2	pine	1055400
6	2	shrub	830800
6	2	urban	35700
6	2	water	443900
6	3	crop	2043000
6	3	grass	222800
6	3	oak	2377700
6	3	pine	1055400
6	3	shrub	830800
6	3	urban	35700
6	3	water	443900
6	4	crop	2043000
6	4	grass	222800
6	4	oak	2377700
6	4	pine	1055400
6	4	shrub	830800
6	4	urban	35700
6	4	water	443900
6	5	crop	2043000
6	5	grass	222800
6	5	oak	2377700
6	5	pine	1055400
6	5	shrub	830800
6	5	urban	35700
6	5	water	443900
6	6	crop	2043000
6	6	grass	222800
6	6	oak	2377700
6	6	pine	1055400
6	6	shrub	830800
6	6	urban	35700
6	6	water	443900
6	7	crop	2043000
6	7	grass	222800
6	7	oak	2377700
6	7	pine	1055400
6	7	shrub	830800
6	7	urban	35700
6	7	water	443900
6	8	crop	2043000
6	8	grass	222800
6	8	oak	2377700
6	8	pine	1055400
6	8	shrub	830800
6	8	urban	35700
6	8	water	443900
6	9	crop	2043000
6	9	grass	222800
6	9	oak	2377700
6	9	pine	1055400
6	9	shrub	830800
6	9	urban	35700
6	9	water	443900
6	10	crop	2043000
6	10	grass	222800
6	10	oak	2377700
6	10	pine	1055400
6	10	shrub	830800
6	10	urban	35700
6	10	water	443900
6	11	crop	2043000
6	11	grass	222800
6	11	oak	2377700
6	11	pine	1055400
6	11	shrub	830800
6	11	urban	35700
6	11	water	443900
6	12	crop	2043000
6	12	grass	222800
6	12	oak	2377700
6	12	pine	1055400
6	12	shrub	830800
6	12	urban	35700
6	12	water	443900
6	13	crop	2043000
6	13	grass	222800
6	13	oak	2377700
6	13	pine	1055400
6	13	shrub	830800
6	13	urban	35700
6	13	water	443900
6	14	crop	2043000
6	14	grass	222800
6	14	oak	2377700
6	14	pine	1055400
6	14	shrub	830800
6	14	urban	35700
6	14	water	443900
6	15	crop	2043000
6	15	grass	222800
6	15	oak	2377700
6	15	pine	1055400
6	15	shrub	830800
6	15	urban	35700
6	15	water	443900
6	16	crop	2043000
6	16	grass	222800
6	16	oak	2377700
6	16	pine	1055400
6	16	shrub	830800
6	16	urban	35700
6	16	water	443900
6	17	crop	2043000
6	17	grass	222800
6	17	oak	2377700
6	17	pine	1055400
6	17	shrub	830800
6	17	urban	35700
6	17	water	443900
6	18	crop	2043000
6	18	grass	222800
6	18	oak	2377700
6	18	pine	1055400
6	18	shrub	830800
6	18	urban	35700
6	18	water	443900
6	19	crop	2043000
6	19	grass	222800
6	19	oak	2377700
6	19	pine	1055400
6	19	shrub	830800
6	19	urban	35700
6	19	water	443900
6	20	crop	2043000
6	20	grass	222800
6	20	oak	2377700
6	20	pine	1055400
6	20	shrub	830800
6	20	urban	35700
6	20	water	443900
7	0	crop	2043000
7	0	grass	222800
7	0	oak	2377700
7	0	pine	1055400
7	0	shrub	830800
7	0	urban	35700
7	0	water	443900
7	1	crop	2043000
7	1	grass	222800
7	1	oak	2377700
7	1	pine	1055400
7	1	shrub	830800
7	1	urban	35700
7	1	water	443900
7	2	crop	2043000
7	2	grass	222800
7	2	oak	2377700
7	2	pine	1055400
7	2	shrub	830800
7	2	urban	35700
7	2	water	443900
7	3	crop	2043000
7	3	grass	222800
7	3	oak	2377700
7	3	pine	1055400
7	3	shrub	830800
7	3	urban	35700
7	3	water	443900
7	4	crop	2043000
7	4	grass	222800
7	4	oak	2377700
7	4	pine	1055400
7	4	shrub	830800
7	4	urban	35700
7	4	water	443900
7	5	crop	2043000
7	5	grass	222800
7	5	oak	2377700
7	5	pine	1055400
7	5	shrub	830800
7	5	urban	35700
7	5	water	443900
7	6	crop	2043000
7	6	grass	222800
7	6	oak	2377700
7	6	pine	1055400
7	6	shrub	830800
7	6	urban	35700
7	6	water	443900
7	7	crop	2043000
7	7	grass	222800
7	7	oak	2377700
7	7	pine	1055400
7	7	shrub	830800
7	7	urban	35700
7	7	water	443900
7	8	crop	2043000
7	8	grass	222800
7	8	oak	2377700
7	8	pine	1055400
7	8	shrub	830800
7	8	urban	35700
7	8	water	443900
7	9	crop	2043000
7	9	grass	222800
7	9	oak	2377700
7	9	pine	1055400
7	9	shrub	830800
7	9	urban	35700
7	9	water	443900
7	10	crop	2043000
7	10	grass	222800
7	10	oak	2377700
7	10	pine	1055400
7	10	shrub	830800
7	10	urban	35700
7	10	water	443900
7	11	crop	2043000
7	11	grass	222800
7	11	oak	2377700
7	11	pine	1055400
7	11	shrub	830800
7	11	urban	35700
7	11	water	443900
7	12	crop	2043000
7	12	grass	222800
7	12	oak	2377700
7	12	pine	1055400
7	12	shrub	830800
7	12	urban	35700
7	12	water	443900
7	13	crop	2043000
7	13	grass	222800
7	13	oak	2377700
7	13	pine	1055400
7	13	shrub	830800
7	13	urban	35700
7	13	water	443900
7	14	crop	2043000
7	14	grass	222800
7	14	oak	2377700
7	14	pine	1055400
7	14	shrub	830800
7	14	urban	35700
7	14	water	443900
7	15	crop	2043000
7	15	grass	222800
7	15	oak	2377700
7	15	pine	1055400
7	15	shrub	830800
7	15	urban	35700
7	15	water	443900
7	16	crop	2043000
7	16	grass	222800
7	16	oak	2377700
7	16	pine	1055400
7	16	shrub	830800
7	16	urban	35700
7	16	water	443900
7	17	crop	2043000
7	17	grass	222800
7	17	oak	2377700
7	17	pine	1055400
7	17	shrub	830800
7	17	urban	35700
7	17	water	443900
7	18	crop	2043000
7	18	grass	222800
7	18	oak	2377700
7	18	pine	1055400
7	18	shrub	830800
7	18	urban	35700
7	18	water	443900
7	19	crop	2043000
7	19	grass	222800
7	19	oak	2377700
7	19	pine	1055400
7	19	shrub	830800
7	19	urban	35700
7	19	water	443900
7	20	crop	2043000
7	20	grass	222800
7	20	oak	2377700
7	20	pine	1055400
7	20	shrub	830800
7	20	urban	35700
7	20	water	443900
8	0	crop	2043000
8	0	grass	222800
8	0	oak	2377700
8	0	pine	1055400
8	0	shrub	830800
8	0	urban	35700
8	0	water	443900
8	1	crop	2043000
8	1	grass	222800
8	1	oak	2377700
8	1	pine	1055400
8	1	shrub	830800
8	1	urban	35700
8	1	water	443900
8	2	crop	2043000
8	2	grass	222800
8	2	oak	2377700
8	2	pine	1055400
8	2	shrub	830800
8	2	urban	35700
8	2	water	443900
8	3	crop	2043000
8	3	grass	222800
8	3	oak	2377700
8	3	pine	1055400
8	3	shrub	830800
8	3	urban	35700
8	3	water	443900
8	4	crop	2043000
8	4	grass	222800
8	4	oak	2377700
8	4	pine	1055400
8	4	shrub	830800
8	4	urban	35700
8	4	water	443900
8	5	crop	2043000
8	5	grass	222800
8	5	oak	2377700
8	5	pine	1055400
8	5	shrub	830800
8	5	urban	35700
8	5	water	443900
8	6	crop	2043000
8	6	grass	222800
8	6	oak	2377700
8	6	pine	1055400
8	6	shrub	830800
8	6	urban	35700
8	6	water	443900
8	7	crop	2043000
8	7	grass	222800
8	7	oak	2377700
8	7	pine	1055400
8	7	shrub	830800
8	7	urban	35700
8	7	water	443900
8	8	crop	2043000
8	8	grass	222800
8	8	oak	2377700
8	8	pine	1055400
8	8	shrub	830800
8	8	urban	35700
8	8	water	443900
8	9	crop	2043000
8	9	grass	222800
8	9	oak	2377700
8	9	pine	1055400
8	9	shrub	830800
8	9	urban	35700
8	9	water	443900
8	10	crop	2043000
8	10	grass	222800
8	10	oak	2377700
8	10	pine	1055400
8	10	shrub	830800
8	10	urban	35700
8	10	water	443900
8	11	crop	2043000
8	11	grass	222800
8	11	oak	2377700
8	11	pine	1055400
8	11	shrub	830800
8	11	urban	35700
8	11	water	443900
8	12	crop	2043000
8	12	grass	222800
8	12	oak	2377700
8	12	pine	1055400
8	12	shrub	830800
8	12	urban	35700
8	12	water	443900
8	13	crop	2043000
8	13	grass	222800
8	13	oak	2377700
8	13	pine	1055400
8	13	shrub	830800
8	13	urban	35700
8	13	water	443900
8	14	crop	2043000
8	14	grass	222800
8	14	oak	2377700
8	14	pine	1055400
8	14	shrub	830800
8	14	urban	35700
8	14	water	443900
8	15	crop	2043000
8	15	grass	222800
8	15	oak	2377700
8	15	pine	1055400
8	15	shrub	830800
8	15	urban	35700
8	15	water	443900
8	16	crop	2043000
8	16	grass	222800
8	16	oak	2377700
8	16	pine	1055400
8	16	shrub	830800
8	16	urban	35700
8	16	water	443900
8	17	crop	2043000
8	17	grass	222800
8	17	oak	2377700
8	17	pine	1055400
8	17	shrub	830800
8	17	urban	35700
8	17	water	443900
8	18	crop	2043000
8	18	grass	222800
8	18	oak	2377700
8	18	pine	1055400
8	18	shrub	830800
8	18	urban	35700
8	18	water	443900
8	19	crop	2043000
8	19	grass	222800
8	19	oak	2377700
8	19	pine	1055400
8	19	shrub	830800
8	19	urban	35700
8	19	water	443900
8	20	crop	2043000
8	20	grass	222800
8	20	oak	2377700
8	20	pine	1055400
8	20	shrub	830800
8	20	urban	35700
8	20	water	443900
9	0	crop	2043000
9	0	grass	222800
9	0	oak	2377700
9	0	pine	1055400
9	0	shrub	830800
9	0	urban	35700
9	0	water	443900
9	1	crop	2043000
9	1	grass	222800
9	1	oak	2377700
9	1	pine	1055400
9	1	shrub	830800
9	1	urban	35700
9	1	water	443900
9	2	crop	2043000
9	2	grass	222800
9	2	oak	2377700
9	2	pine	1055400
9	2	shrub	830800
9	2	urban	35700
9	2	water	443900
9	3	crop	2043000
9	3	grass	222800
9	3	oak	2377700
9	3	pine	1055400
9	3	shrub	830800
9	3	urban	35700
9	3	water	443900
9	4	crop	2043000
9	4	grass	222800
9	4	oak	2377700
9	4	pine	1055400
9	4	shrub	830800
9	4	urban	35700
9	4	water	443900
9	5	crop	2043000
9	5	grass	222800
9	5	oak	2377700
9	5	pine	1055400
9	5	shrub	830800
9	5	urban	35700
9	5	water	443900
9	6	crop	2043000
9	6	grass	222800
9	6	oak	2377700
9	6	pine	1055400
9	6	shrub	830800
9	6	urban	35700
9	6	water	443900
9	7	crop	2043000
9	7	grass	222800
9	7	oak	2377700
9	7	pine	1055400
9	7	shrub	830800
9	7	urban	35700
9	7	water	443900
9	8	crop	2043000
9	8	grass	222800
9	8	oak	2377700
9	8	pine	1055400
9	8	shrub	830800
9	8	urban	35700
9	8	water	443900
9	9	crop	2043000
9	9	grass	222800
9	9	oak	2377700
9	9	pine	1055400
9	9	shrub	830800
9	9	urban	35700
9	9	water	443900
9	10	crop	2043000
9	10	grass	222800
9	10	oak	2377700
9	10	pine	1055400
9	10	shrub	830800
9	10	urban	35700
9	10	water	443900
9	11	crop	2043000
9	11	grass	222800
9	11	oak	2377700
9	11	pine	1055400
9	11	shrub	830800
9	11	urban	35700
9	11	water	443900
9	12	crop	2043000
9	12	grass	222800
9	12	oak	2377700
9	12	pine	1055400
9	12	shrub	830800
9	12	urban	35700
9	12	water	443900
9	13	crop	2043000
9	13	grass	222800
9	13	oak	2377700
9	13	pine	1055400
9	13	shrub	830800
9	13	urban	35700
9	13	water	443900
9	14	crop	2043000
9	14	grass	222800
9	14	oak	2377700
9	14	pine	1055400
9	14	shrub	830800
9	14	urban	35700
9	14	water	443900
9	15	crop	2043000
9	15	grass	222800
9	15	oak	2377700
9	15	pine	1055400
9	15	shrub	830800
9	15	urban	35700
9	15	water	443900
9	16	crop	2043000
9	16	grass	222800
9	16	oak	2377700
9	16	pine	1055400
9	16	shrub	830800
9	16	urban	35700
9	16	water	443900
9	17	crop	2043000
9	17	grass	222800
9	17	oak	2377700
9	17	pine	1055400
9	17	shrub	830800
9	17	urban	35700
9	17	water	443900
9	18	crop	2043000
9	18	grass	222800
9	18	oak	2377700
9	18	pine	1055400
9	18	shrub	830800
9	18	urban	35700
9	18	water	443900
9	19	crop	2043000
9	19	grass	222800
9	19	oak	2377700
9	19	pine	1055400
9	19	shrub	830800
9	19	urban	35700
9	19	water	443900
9	20	crop	2043000
9	20	grass	222800
9	20	oak	2377700
9	20	pine	1055400
9	20	shrub	830800
9	20	urban	35700
9	20	water	443900
10	0	crop	2043000
10	0	grass	222800
10	0	oak	2377700
10	0	pine	1055400
10	0	shrub	830800
10	0	urban	35700
10	0	water	443900
10	1	crop	2043000
10	1	grass	222800
10	1	oak	2377700
10	1	pine	1055400
10	1	shrub	830800
10	1	urban	35700
10	1	water	443900
10	2	crop	2043000
10	2	grass	222800
10	2	oak	2377700
10	2	pine	1055400
10	2	shrub	830800
10	2	urban	35700
10	2	water	443900
10	3	crop	2043000
10	3	grass	222800
10	3	oak	2377700
10	3	pine	1055400
10	3	shrub	830800
10	3	urban	35700
10	3	water	443900
10	4	crop	2043000
10	4	grass	222800
10	4	oak	2377700
10	4	pine	1055400
10	4	shrub	830800
10	4	urban	35700
10	4	water	443900
10	5	crop	2043000
10	5	grass	222800
10	5	oak	2377700
10	5	pine	1055400
10	5	shrub	830800
10	5	urban	35700
10	5	water	443900
10	6	crop	2043000
10	6	grass	222800
10	6	oak	2377700
10	6	pine	1055400
10	6	shrub	830800
10	6	urban	35700
10	6	water	443900
10	7	crop	2043000
10	7	grass	222800
10	7	oak	2377700
10	7	pine	1055400
10	7	shrub	830800
10	7	urban	35700
10	7	water	443900
10	8	crop	2043000
10	8	grass	222800
10	8	oak	2377700
10	8	pine	1055400
10	8	shrub	830800
10	8	urban	35700
10	8	water	443900
10	9	crop	2043000
10	9	grass	222800
10	9	oak	2377700
10	9	pine	1055400
10	9	shrub	830800
10	9	urban	35700
10	9	water	443900
10	10	crop	2043000
10	10	grass	222800
10	10	oak	2377700
10	10	pine	1055400
10	10	shrub	830800
10	10	urban	35700
10	10	water	443900
10	11	crop	2043000
10	11	grass	222800
10	11	oak	2377700
10	11	pine	1055400
10	11	shrub	830800
10	11	urban	35700
10	11	water	443900
10	12	crop	2043000
10	12	grass	222800
10	12	oak	2377700
10	12	pine	1055400
10	12	shrub	830800
10	12	urban	35700
10	12	water	443900
10	13	crop	2043000
10	13	grass	222800
10	13	oak	2377700
10	13	pine	1055400
10	13	shrub	830800
10	13	urban	35700
10	13	water	443900
10	14	crop	2043000
10	14	grass	222800
10	14	oak	2377700
10	14	pine	1055400
10	14	shrub	830800
10	14	urban	35700
10	14	water	443900
10	15	crop	2043000
10	15	grass	222800
10	15	oak	2377700
10	15	pine	1055400
10	15	shrub	830800
10	15	urban	35700
10	15	water	443900
10	16	crop	2043000
10	16	grass	222800
10	16	oak	2377700
10	16	pine	1055400
10	16	shrub	830800
10	16	urban	35700
10	16	water	443900
10	17	crop	2043000
10	17	grass	222800
10	17	oak	2377700
10	17	pine	1055400
10	17	shrub	830800
10	17	urban	35700
10	17	water	443900
10	18	crop	2043000
10	18	grass	222800
10	18	oak	2377700
10	18	pine	1055400
10	18	shrub	830800
10	18	urban	35700
10	18	water	443900
10	19	crop	2043000
10	19	grass	222800
10	19	oak	2377700
10	19	pine	1055400
10	19	shrub	830800
10	19	urban	35700
10	19	water	443900
10	20	crop	2043000
10	20	grass	222800
10	20	oak	2377700
10	20	pine	1055400
10	20	shrub	830800
10	20	urban	35700
10	20	water	443900
11	0	crop	2043000
11	0	grass	222800
11	0	oak	2377700
11	0	pine	1055400
11	0	shrub	830800
11	0	urban	35700
11	0	water	443900
11	1	crop	2043000
11	1	grass	222800
11	1	oak	2377700
11	1	pine	1055400
11	1	shrub	830800
11	1	urban	35700
11	1	water	443900
11	2	crop	2043000
11	2	grass	222800
11	2	oak	2377700
11	2	pine	1055400
11	2	shrub	830800
11	2	urban	35700
11	2	water	443900
11	3	crop	2043000
11	3	grass	222800
11	3	oak	2377700
11	3	pine	1055400
11	3	shrub	830800
11	3	urban	35700
11	3	water	443900
11	4	crop	2043000
11	4	grass	222800
11	4	oak	2377700
11	4	pine	1055400
11	4	shrub	830800
11	4	urban	35700
11	4	water	443900
11	5	crop	2043000
11	5	grass	222800
11	5	oak	2377700
11	5	pine	1055400
11	5	shrub	830800
11	5	urban	35700
11	5	water	443900
11	6	crop	2043000
11	6	grass	222800
11	6	oak	2377700
11	6	pine	1055400
11	6	shrub	830800
11	6	urban	35700
11	6	water	443900
11	7	crop	2043000
11	7	grass	222800
11	7	oak	2377700
11	7	pine	1055400
11	7	shrub	830800
11	7	urban	35700
11	7	water	443900
11	8	crop	2043000
11	8	grass	222800
11	8	oak	2377700
11	8	pine	1055400
11	8	shrub	830800
11	8	urban	35700
11	8	water	443900
11	9	crop	2043000
11	9	grass	222800
11	9	oak	2377700
11	9	pine	1055400
11	9	shrub	830800
11	9	urban	35700
11	9	water	443900
11	10	crop	2043000
11	10	grass	222800
11	10	oak	2377700
11	10	pine	1055400
11	10	shrub	830800
11	10	urban	35700
11	10	water	443900
11	11	crop	2043000
11	11	grass	222800
11	11	oak	2377700
11	11	pine	1055400
11	11	shrub	830800
11	11	urban	35700
11	11	water	443900
11	12	crop	2043000
11	12	grass	222800
11	12	oak	2377700
11	12	pine	1055400
11	12	shrub	830800
11	12	urban	35700
11	12	water	443900
11	13	crop	2043000
11	13	grass	222800
11	13	oak	2377700
11	13	pine	1055400
11	13	shrub	830800
11	13	urban	35700
11	13	water	443900
11	14	crop	2043000
11	14	grass	222800
11	14	oak	2377700
11	14	pine	1055400
11	14	shrub	830800
11	14	urban	35700
11	14	water	443900
11	15	crop	2043000
11	15	grass	222800
11	15	oak	2377700
11	15	pine	1055400
11	15	shrub	830800
11	15	urban	35700
11	15	water	443900
11	16	crop	2043000
11	16	grass	222800
11	16	oak	2377700
11	16	pine	1055400
11	16	shrub	830800
11	16	urban	35700
11	16	water	443900
11	17	crop	2043000
11	17	grass	222800
11	17	oak	2377700
11	17	pine	1055400
11	17	shrub	830800
11	17	urban	35700
11	17	water	443900
11	18	crop	2043000
11	18	grass	222800
11	18	oak	2377700
11	18	pine	1055400
11	18	shrub	830800
11	18	urban	35700
11	18	water	443900
11	19	crop	2043000
11	19	grass	222800
11	19	oak	2377700
11	19	pine	1055400
11	19	shrub	830800
11	19	urban	35700
11	19	water	443900
11	20	crop	2043000
11	20	grass	222800
11	20	oak	2377700
11	20	pine	1055400
11	20	shrub	830800
11	20	urban	35700
11	20	water	443900
12	0	crop	2043000
12	0	grass	222800
12	0	oak	2377700
12	0	pine	1055400
12	0	shrub	830800
12	0	urban	35700
12	0	water	443900
12	1	crop	2043000
12	1	grass	222800
12	1	oak	2377700
12	1	pine	1055400
12	1	shrub	830800
12	1	urban	35700
12	1	water	443900
12	2	crop	2043000
12	2	grass	222800
12	2	oak	2377700
12	2	pine	1055400
12	2	shrub	830800
12	2	urban	35700
12	2	water	443900
12	3	crop	2043000
12	3	grass	222800
12	3	oak	2377700
12	3	pine	1055400
12	3	shrub	830800
12	3	urban	35700
12	3	water	443900
12	4	crop	2043000
12	4	grass	222800
12	4	oak	2377700
12	4	pine	1055400
12	4	shrub	830800
12	4	urban	35700
12	4	water	443900
12	5	crop	2043000
12	5	grass	222800
12	5	oak	2377700
12	5	pine	1055400
12	5	shrub	830800
12	5	urban	35700
12	5	water	443900
12	6	crop	2043000
12	6	grass	222800
12	6	oak	2377700
12	6	pine	1055400
12	6	shrub	830800
12	6	urban	35700
12	6	water	443900
12	7	crop	2043000
12	7	grass	222800
12	7	oak	2377700
12	7	pine	1055400
12	7	shrub	830800
12	7	urban	35700
12	7	water	443900
12	8	crop	2043000
12	8	grass	222800
12	8	oak	2377700
12	8	pine	1055400
12	8	shrub	830800
12	8	urban	35700
12	8	water	443900
12	9	crop	2043000
12	9	grass	222800
12	9	oak	2377700
12	9	pine	1055400
12	9	shrub	830800
12	9	urban	35700
12	9	water	443900
12	10	crop	2043000
12	10	grass	222800
12	10	oak	2377700
12	10	pine	1055400
12	10	shrub	830800
12	10	urban	35700
12	10	water	443900
12	11	crop	2043000
12	11	grass	222800
12	11	oak	2377700
12	11	pine	1055400
12	11	shrub	830800
12	11	urban	35700
12	11	water	443900
12	12	crop	2043000
12	12	grass	222800
12	12	oak	2377700
12	12	pine	1055400
12	12	shrub	830800
12	12	urban	35700
12	12	water	443900
12	13	crop	2043000
12	13	grass	222800
12	13	oak	2377700
12	13	pine	1055400
12	13	shrub	830800
12	13	urban	35700
12	13	water	443900
12	14	crop	2043000
12	14	grass	222800
12	14	oak	2377700
12	14	pine	1055400
12	14	shrub	830800
12	14	urban	35700
12	14	water	443900
12	15	crop	2043000
12	15	grass	222800
12	15	oak	2377700
12	15	pine	1055400
12	15	shrub	830800
12	15	urban	35700
12	15	water	443900
12	16	crop	2043000
12	16	grass	222800
12	16	oak	2377700
12	16	pine	1055400
12	16	shrub	830800
12	16	urban	35700
12	16	water	443900
12	17	crop	2043000
12	17	grass	222800
12	17	oak	2377700
12	17	pine	1055400
12	17	shrub	830800
12	17	urban	35700
12	17	water	443900
12	18	crop	2043000
12	18	grass	222800
12	18	oak	2377700
12	18	pine	1055400
12	18	shrub	830800
12	18	urban	35700
12	18	water	443900
12	19	crop	2043000
12	19	grass	222800
12	19	oak	2377700
12	19	pine	1055400
12	19	shrub	830800
12	19	urban	35700
12	19	water	443900
12	20	crop	2043000
12	20	grass	222800
12	20	oak	2377700
12	20	pine	1055400
12	20	shrub	830800
12	20	urban	35700
12	20	water	443900
13	0	crop	2043000
13	0	grass	222800
13	0	oak	2377700
13	0	pine	1055400
13	0	shrub	830800
13	0	urban	35700
13	0	water	443900
13	1	crop	2043000
13	1	grass	222800
13	1	oak	2377700
13	1	pine	1055400
13	1	shrub	830800
13	1	urban	35700
13	1	water	443900
13	2	crop	2043000
13	2	grass	222800
13	2	oak	2377700
13	2	pine	1055400
13	2	shrub	830800
13	2	urban	35700
13	2	water	443900
13	3	crop	2043000
13	3	grass	222800
13	3	oak	2377700
13	3	pine	1055400
13	3	shrub	830800
13	3	urban	35700
13	3	water	443900
13	4	crop	2043000
13	4	grass	222800
13	4	oak	2377700
13	4	pine	1055400
13	4	shrub	830800
13	4	urban	35700
13	4	water	443900
13	5	crop	2043000
13	5	grass	222800
13	5	oak	2377700
13	5	pine	1055400
13	5	shrub	830800
13	5	urban	35700
13	5	water	443900
13	6	crop	2043000
13	6	grass	222800
13	6	oak	2377700
13	6	pine	1055400
13	6	shrub	830800
13	6	urban	35700
13	6	water	443900
13	7	crop	2043000
13	7	grass	222800
13	7	oak	2377700
13	7	pine	1055400
13	7	shrub	830800
13	7	urban	35700
13	7	water	443900
13	8	crop	2043000
13	8	grass	222800
13	8	oak	2377700
13	8	pine	1055400
13	8	shrub	830800
13	8	urban	35700
13	8	water	443900
13	9	crop	2043000
13	9	grass	222800
13	9	oak	2377700
13	9	pine	1055400
13	9	shrub	830800
13	9	urban	35700
13	9	water	443900
13	10	crop	2043000
13	10	grass	222800
13	10	oak	2377700
13	10	pine	1055400
13	10	shrub	830800
13	10	urban	35700
13	10	water	443900
13	11	crop	2043000
13	11	grass	222800
13	11	oak	2377700
13	11	pine	1055400
13	11	shrub	830800
13	11	urban	35700
13	11	water	443900
13	12	crop	2043000
13	12	grass	222800
13	12	oak	2377700
13	12	pine	1055400
13	12	shrub	830800
13	12	urban	35700
13	12	water	443900
13	13	crop	2043000
13	13	grass	222800
13	13	oak	2377700
13	13	pine	1055400
13	13	shrub	830800
13	13	urban	35700
13	13	water	443900
13	14	crop	2043000
13	14	grass	222800
13	14	oak	2377700
13	14	pine	1055400
13	14	shrub	830800
13	14	urban	35700
13	14	water	443900
13	15	crop	2043000
13	15	grass	222800
13	15	oak	2377700
13	15	pine	1055400
13	15	shrub	830800
13	15	urban	35700
13	15	water	443900
13	16	crop	2043000
13	16	grass	222800
13	16	oak	2377700
13	16	pine	1055400
13	16	shrub	830800
13	16	urban	35700
13	16	water	443900
13	17	crop	2043000
13	17	grass	222800
13	17	oak	2377700
13	17	pine	1055400
13	17	shrub	830800
13	17	urban	35700
13	17	water	443900
13	18	crop	2043000
13	18	grass	222800
13	18	oak	2377700
13	18	pine	1055400
13	18	shrub	830800
13	18	urban	35700
13	18	water	443900
13	19	crop	2043000
13	19	grass	222800
13	19	oak	2377700
13	19	pine	1055400
13	19	shrub	830800
13	19	urban	35700
13	19	water	443900
13	20	crop	2043000
13	20	grass	222800
13	20	oak	2377700
13	20	pine	1055400
13	20	shrub	830800
13	20	urban	35700
13	20	water	443900
14	0	crop	2043000
14	0	grass	222800
14	0	oak	2377700
14	0	pine	1055400
14	0	shrub	830800
14	0	urban	35700
14	0	water	443900
14	1	crop	2043000
14	1	grass	222800
14	1	oak	2377700
14	1	pine	1055400
14	1	shrub	830800
14	1	urban	35700
14	1	water	443900
14	2	crop	2043000
14	2	grass	222800
14	2	oak	2377700
14	2	pine	1055400
14	2	shrub	830800
14	2	urban	35700
14	2	water	443900
14	3	crop	2043000
14	3	grass	222800
14	3	oak	2377700
14	3	pine	1055400
14	3	shrub	830800
14	3	urban	35700
14	3	water	443900
14	4	crop	2043000
14	4	grass	222800
14	4	oak	2377700
14	4	pine	1055400
14	4	shrub	830800
14	4	urban	35700
14	4	water	443900
14	5	crop	2043000
14	5	grass	222800
14	5	oak	2377700
14	5	pine	1055400
14	5	shrub	830800
14	5	urban	35700
14	5	water	443900
14	6	crop	2043000
14	6	grass	222800
14	6	oak	2377700
14	6	pine	1055400
14	6	shrub	830800
14	6	urban	35700
14	6	water	443900
14	7	crop	2043000
14	7	grass	222800
14	7	oak	2377700
14	7	pine	1055400
14	7	shrub	830800
14	7	urban	35700
14	7	water	443900
14	8	crop	2043000
14	8	grass	222800
14	8	oak	2377700
14	8	pine	1055400
14	8	shrub	830800
14	8	urban	35700
14	8	water	443900
14	9	crop	2043000
14	9	grass	222800
14	9	oak	2377700
14	9	pine	1055400
14	9	shrub	830800
14	9	urban	35700
14	9	water	443900
14	10	crop	2043000
14	10	grass	222800
14	10	oak	2377700
14	10	pine	1055400
14	10	shrub	830800
14	10	urban	35700
14	10	water	443900
14	11	crop	2043000
14	11	grass	222800
14	11	oak	2377700
14	11	pine	1055400
14	11	shrub	830800
14	11	urban	35700
14	11	water	443900
14	12	crop	2043000
14	12	grass	222800
14	12	oak	2377700
14	12	pine	1055400
14	12	shrub	830800
14	12	urban	35700
14	12	water	443900
14	13	crop	2043000
14	13	grass	222800
14	13	oak	2377700
14	13	pine	1055400
14	13	shrub	830800
14	13	urban	35700
14	13	water	443900
14	14	crop	2043000
14	14	grass	222800
14	14	oak	2377700
14	14	pine	1055400
14	14	shrub	830800
14	14	urban	35700
14	14	water	443900
14	15	crop	2043000
14	15	grass	222800
14	15	oak	2377700
14	15	pine	1055400
14	15	shrub	830800
14	15	urban	35700
14	15	water	443900
14	16	crop	2043000
14	16	grass	222800
14	16	oak	2377700
14	16	pine	1055400
14	16	shrub	830800
14	16	urban	35700
14	16	water	443900
14	17	crop	2043000
14	17	grass	222800
14	17	oak	2377700
14	17	pine	1055400
14	17	shrub	830800
14	17	urban	35700
14	17	water	443900
14	18	crop	2043000
14	18	grass	222800
14	18	oak	2377700
14	18	pine	1055400
14	18	shrub	830800
14	18	urban	35700
14	18	water	443900
14	19	crop	2043000
14	19	grass	222800
14	19	oak	2377700
14	19	pine	1055400
14	19	shrub	830800
14	19	urban	35700
14	19	water	443900
14	20	crop	2043000
14	20	grass	222800
14	20	oak	2377700
14	20	pine	1055400
14	20	shrub	830800
14	20	urban	35700
14	20	water	443900
15	0	crop	2043000
15	0	grass	222800
15	0	oak	2377700
15	0	pine	1055400
15	0	shrub	830800
15	0	urban	35700
15	0	water	443900
15	1	crop	2043000
15	1	grass	222800
15	1	oak	2377700
15	1	pine	1055400
15	1	shrub	830800
15	1	urban	35700
15	1	water	443900
15	2	crop	2043000
15	2	grass	222800
15	2	oak	2377700
15	2	pine	1055400
15	2	shrub	830800
15	2	urban	35700
15	2	water	443900
15	3	crop	2043000
15	3	grass	222800
15	3	oak	2377700
15	3	pine	1055400
15	3	shrub	830800
15	3	urban	35700
15	3	water	443900
15	4	crop	2043000
15	4	grass	222800
15	4	oak	2377700
15	4	pine	1055400
15	4	shrub	830800
15	4	urban	35700
15	4	water	443900
15	5	crop	2043000
15	5	grass	222800
15	5	oak	2377700
15	5	pine	1055400
15	5	shrub	830800
15	5	urban	35700
15	5	water	443900
15	6	crop	2043000
15	6	grass	222800
15	6	oak	2377700
15	6	pine	1055400
15	6	shrub	830800
15	6	urban	35700
15	6	water	443900
15	7	crop	2043000
15	7	grass	222800
15	7	oak	2377700
15	7	pine	1055400
15	7	shrub	830800
15	7	urban	35700
15	7	water	443900
15	8	crop	2043000
15	8	grass	222800
15	8	oak	2377700
15	8	pine	1055400
15	8	shrub	830800
15	8	urban	35700
15	8	water	443900
15	9	crop	2043000
15	9	grass	222800
15	9	oak	2377700
15	9	pine	1055400
15	9	shrub	830800
15	9	urban	35700
15	9	water	443900
15	10	crop	2043000
15	10	grass	222800
15	10	oak	2377700
15	10	pine	1055400
15	10	shrub	830800
15	10	urban	35700
15	10	water	443900
15	11	crop	2043000
15	11	grass	222800
15	11	oak	2377700
15	11	pine	1055400
15	11	shrub	830800
15	11	urban	35700
15	11	water	443900
15	12	crop	2043000
15	12	grass	222800
15	12	oak	2377700
15	12	pine	1055400
15	12	shrub	830800
15	12	urban	35700
15	12	water	443900
15	13	crop	2043000
15	13	grass	222800
15	13	oak	2377700
15	13	pine	1055400
15	13	shrub	830800
15	13	urban	35700
15	13	water	443900
15	14	crop	2043000
15	14	grass	222800
15	14	oak	2377700
15	14	pine	1055400
15	14	shrub	830800
15	14	urban	35700
15	14	water	443900
15	15	crop	2043000
15	15	grass	222800
15	15	oak	2377700
15	15	pine	1055400
15	15	shrub	830800
15	15	urban	35700
15	15	water	443900
15	16	crop	2043000
15	16	grass	222800
15	16	oak	2377700
15	16	pine	1055400
15	16	shrub	830800
15	16	urban	35700
15	16	water	443900
15	17	crop	2043000
15	17	grass	222800
15	17	oak	2377700
15	17	pine	1055400
15	17	shrub	830800
15	17	urban	35700
15	17	water	443900
15	18	crop	2043000
15	18	grass	222800
15	18	oak	2377700
15	18	pine	1055400
15	18	shrub	830800
15	18	urban	35700
15	18	water	443900
15	19	crop	2043000
15	19	grass	222800
15	19	oak	2377700
15	19	pine	1055400
15	19	shrub	830800
15	19	urban	35700
15	19	water	443900
15	20	crop	2043000
15	20	grass	222800
15	20	oak	2377700
15	20	pine	1055400
15	20	shrub	830800
15	20	urban	35700
15	20	water	443900
16	0	crop	2043000
16	0	grass	222800
16	0	oak	2377700
16	0	pine	1055400
16	0	shrub	830800
16	0	urban	35700
16	0	water	443900
16	1	crop	2043000
16	1	grass	222800
16	1	oak	2377700
16	1	pine	1055400
16	1	shrub	830800
16	1	urban	35700
16	1	water	443900
16	2	crop	2043000
16	2	grass	222800
16	2	oak	2377700
16	2	pine	1055400
16	2	shrub	830800
16	2	urban	35700
16	2	water	443900
16	3	crop	2043000
16	3	grass	222800
16	3	oak	2377700
16	3	pine	1055400
16	3	shrub	830800
16	3	urban	35700
16	3	water	443900
16	4	crop	2043000
16	4	grass	222800
16	4	oak	2377700
16	4	pine	1055400
16	4	shrub	830800
16	4	urban	35700
16	4	water	443900
16	5	crop	2043000
16	5	grass	222800
16	5	oak	2377700
16	5	pine	1055400
16	5	shrub	830800
16	5	urban	35700
16	5	water	443900
16	6	crop	2043000
16	6	grass	222800
16	6	oak	2377700
16	6	pine	1055400
16	6	shrub	830800
16	6	urban	35700
16	6	water	443900
16	7	crop	2043000
16	7	grass	222800
16	7	oak	2377700
16	7	pine	1055400
16	7	shrub	830800
16	7	urban	35700
16	7	water	443900
16	8	crop	2043000
16	8	grass	222800
16	8	oak	2377700
16	8	pine	1055400
16	8	shrub	830800
16	8	urban	35700
16	8	water	443900
16	9	crop	2043000
16	9	grass	222800
16	9	oak	2377700
16	9	pine	1055400
16	9	shrub	830800
16	9	urban	35700
16	9	water	443900
16	10	crop	2043000
16	10	grass	222800
16	10	oak	2377700
16	10	pine	1055400
16	10	shrub	830800
16	10	urban	35700
16	10	water	443900
16	11	crop	2043000
16	11	grass	222800
16	11	oak	2377700
16	11	pine	1055400
16	11	shrub	830800
16	11	urban	35700
16	11	water	443900
16	12	crop	2043000
16	12	grass	222800
16	12	oak	2377700
16	12	pine	1055400
16	12	shrub	830800
16	12	urban	35700
16	12	water	443900
16	13	crop	2043000
16	13	grass	222800
16	13	oak	2377700
16	13	pine	1055400
16	13	shrub	830800
16	13	urban	35700
16	13	water	443900
16	14	crop	2043000
16	14	grass	222800
16	14	oak	2377700
16	14	pine	1055400
16	14	shrub	830800
16	14	urban	35700
16	14	water	443900
16	15	crop	2043000
16	15	grass	222800
16	15	oak	2377700
16	15	pine	1055400
16	15	shrub	830800
16	15	urban	35700
16	15	water	443900
16	16	crop	2043000
16	16	grass	222800
16	16	oak	2377700
16	16	pine	1055400
16	16	shrub	830800
16	16	urban	35700
16	16	water	443900
16	17	crop	2043000
16	17	grass	222800
16	17	oak	2377700
16	17	pine	1055400
16	17	shrub	830800
16	17	urban	35700
16	17	water	443900
16	18	crop	2043000
16	18	grass	222800
16	18	oak	2377700
16	18	pine	1055400
16	18	shrub	830800
16	18	urban	35700
16	18	water	443900
16	19	crop	2043000
16	19	grass	222800
16	19	oak	2377700
16	19	pine	1055400
16	19	shrub	830800
16	19	urban	35700
16	19	water	443900
16	20	crop	2043000
16	20	grass	222800
16	20	oak	2377700
16	20	pine	1055400
16	20	shrub	830800
16	20	urban	35700
16	20	water	443900
17	0	crop	2043000
17	0	grass	222800
17	0	oak	2377700
17	0	pine	1055400
17	0	shrub	830800
17	0	urban	35700
17	0	water	443900
17	1	crop	2043000
17	1	grass	222800
17	1	oak	2377700
17	1	pine	1055400
17	1	shrub	830800
17	1	urban	35700
17	1	water	443900
17	2	crop	2043000
17	2	grass	222800
17	2	oak	2377700
17	2	pine	1055400
17	2	shrub	830800
17	2	urban	35700
17	2	water	443900
17	3	crop	2043000
17	3	grass	222800
17	3	oak	2377700
17	3	pine	1055400
17	3	shrub	830800
17	3	urban	35700
17	3	water	443900
17	4	crop	2043000
17	4	grass	222800
17	4	oak	2377700
17	4	pine	1055400
17	4	shrub	830800
17	4	urban	35700
17	4	water	443900
17	5	crop	2043000
17	5	grass	222800
17	5	oak	2377700
17	5	pine	1055400
17	5	shrub	830800
17	5	urban	35700
17	5	water	443900
17	6	crop	2043000
17	6	grass	222800
17	6	oak	2377700
17	6	pine	1055400
17	6	shrub	830800
17	6	urban	35700
17	6	water	443900
17	7	crop	2043000
17	7	grass	222800
17	7	oak	2377700
17	7	pine	1055400
17	7	shrub	830800
17	7	urban	35700
17	7	water	443900
17	8	crop	2043000
17	8	grass	222800
17	8	oak	2377700
17	8	pine	1055400
17	8	shrub	830800
17	8	urban	35700
17	8	water	443900
17	9	crop	2043000
17	9	grass	222800
17	9	oak	2377700
17	9	pine	1055400
17	9	shrub	830800
17	9	urban	35700
17	9	water	443900
17	10	crop	2043000
17	10	grass	222800
17	10	oak	2377700
17	10	pine	1055400
17	10	shrub	830800
17	10	urban	35700
17	10	water	443900
17	11	crop	2043000
17	11	grass	222800
17	11	oak	2377700
17	11	pine	1055400
17	11	shrub	830800
17	11	urban	35700
17	11	water	443900
17	12	crop	2043000
17	12	grass	222800
17	12	oak	2377700
17	12	pine	1055400
17	12	shrub	830800
17	12	urban	35700
17	12	water	443900
17	13	crop	2043000
17	13	grass	222800
17	13	oak	2377700
17	13	pine	1055400
17	13	shrub	830800
17	13	urban	35700
17	13	water	443900
17	14	crop	2043000
17	14	grass	222800
17	14	oak	2377700
17	14	pine	1055400
17	14	shrub	830800
17	14	urban	35700
17	14	water	443900
17	15	crop	2043000
17	15	grass	222800
17	15	oak	2377700
17	15	pine	1055400
17	15	shrub	830800
17	15	urban	35700
17	15	water	443900
17	16	crop	2043000
17	16	grass	222800
17	16	oak	2377700
17	16	pine	1055400
17	16	shrub	830800
17	16	urban	35700
17	16	water	443900
17	17	crop	2043000
17	17	grass	222800
17	17	oak	2377700
17	17	pine	1055400
17	17	shrub	830800
17	17	urban	35700
17	17	water	443900
17	18	crop	2043000
17	18	grass	222800
17	18	oak	2377700
17	18	pine	1055400
17	18	shrub	830800
17	18	urban	35700
17	18	water	443900
17	19	crop	2043000
17	19	grass	222800
17	19	oak	2377700
17	19	pine	1055400
17	19	shrub	830800
17	19	urban	35700
17	19	water	443900
17	20	crop	2043000
17	20	grass	222800
17	20	oak	2377700
17	20	pine	1055400
17	20	shrub	830800
17	20	urban	35700
17	20	water	443900
18	0	crop	2043000
18	0	grass	222800
18	0	oak	2377700
18	0	pine	1055400
18	0	shrub	830800
18	0	urban	35700
18	0	water	443900
18	1	crop	2043000
18	1	grass	222800
18	1	oak	2377700
18	1	pine	1055400
18	1	shrub	830800
18	1	urban	35700
18	1	water	443900
18	2	crop	2043000
18	2	grass	222800
18	2	oak	2377700
18	2	pine	1055400
18	2	shrub	830800
18	2	urban	35700
18	2	water	443900
18	3	crop	2043000
18	3	grass	222800
18	3	oak	2377700
18	3	pine	1055400
18	3	shrub	830800
18	3	urban	35700
18	3	water	443900
18	4	crop	2043000
18	4	grass	222800
18	4	oak	2377700
18	4	pine	1055400
18	4	shrub	830800
18	4	urban	35700
18	4	water	443900
18	5	crop	2043000
18	5	grass	222800
18	5	oak	2377700
18	5	pine	1055400
18	5	shrub	830800
18	5	urban	35700
18	5	water	443900
18	6	crop	2043000
18	6	grass	222800
18	6	oak	2377700
18	6	pine	1055400
18	6	shrub	830800
18	6	urban	35700
18	6	water	443900
18	7	crop	2043000
18	7	grass	222800
18	7	oak	2377700
18	7	pine	1055400
18	7	shrub	830800
18	7	urban	35700
18	7	water	443900
18	8	crop	2043000
18	8	grass	222800
18	8	oak	2377700
18	8	pine	1055400
18	8	shrub	830800
18	8	urban	35700
18	8	water	443900
18	9	crop	2043000
18	9	grass	222800
18	9	oak	2377700
18	9	pine	1055400
18	9	shrub	830800
18	9	urban	35700
18	9	water	443900
18	10	crop	2043000
18	10	grass	222800
18	10	oak	2377700
18	10	pine	1055400
18	10	shrub	830800
18	10	urban	35700
18	10	water	443900
18	11	crop	2043000
18	11	grass	222800
18	11	oak	2377700
18	11	pine	1055400
18	11	shrub	830800
18	11	urban	35700
18	11	water	443900
18	12	crop	2043000
18	12	grass	222800
18	12	oak	2377700
18	12	pine	1055400
18	12	shrub	830800
18	12	urban	35700
18	12	water	443900
18	13	crop	2043000
18	13	grass	222800
18	13	oak	2377700
18	13	pine	1055400
18	13	shrub	830800
18	13	urban	35700
18	13	water	443900
18	14	crop	2043000
18	14	grass	222800
18	14	oak	2377700
18	14	pine	1055400
18	14	shrub	830800
18	14	urban	35700
18	14	water	443900
18	15	crop	2043000
18	15	grass	222800
18	15	oak	2377700
18	15	pine	1055400
18	15	shrub	830800
18	15	urban	35700
18	15	water	443900
18	16	crop	2043000
18	16	grass	222800
18	16	oak	2377700
18	16	pine	1055400
18	16	shrub	830800
18	16	urban	35700
18	16	water	443900
18	17	crop	2043000
18	17	grass	222800
18	17	oak	2377700
18	17	pine	1055400
18	17	shrub	830800
18	17	urban	35700
18	17	water	443900
18	18	crop	2043000
18	18	grass	222800
18	18	oak	2377700
18	18	pine	1055400
18	18	shrub	830800
18	18	urban	35700
18	18	water	443900
18	19	crop	2043000
18	19	grass	222800
18	19	oak	2377700
18	19	pine	1055400
18	19	shrub	830800
18	19	urban	35700
18	19	water	443900
18	20	crop	2043000
18	20	grass	222800
18	20	oak	2377700
18	20	pine	1055400
18	20	shrub	830800
18	20	urban	35700
18	20	water	443900
19	0	crop	2043000
19	0	grass	222800
19	0	oak	2377700
19	0	pine	1055400
19	0	shrub	830800
19	0	urban	35700
19	0	water	443900
19	1	crop	2043000
19	1	grass	222800
19	1	oak	2377700
19	1	pine	1055400
19	1	shrub	830800
19	1	urban	35700
19	1	water	443900
19	2	crop	2043000
19	2	grass	222800
19	2	oak	2377700
19	2	pine	1055400
19	2	shrub	830800
19	2	urban	35700
19	2	water	443900
19	3	crop	2043000
19	3	grass	222800
19	3	oak	2377700
19	3	pine	1055400
19	3	shrub	830800
19	3	urban	35700
19	3	water	443900
19	4	crop	2043000
19	4	grass	222800
19	4	oak	2377700
19	4	pine	1055400
19	4	shrub	830800
19	4	urban	35700
19	4	water	443900
19	5	crop	2043000
19	5	grass	222800
19	5	oak	2377700
19	5	pine	1055400
19	5	shrub	830800
19	5	urban	35700
19	5	water	443900
19	6	crop	2043000
19	6	grass	222800
19	6	oak	2377700
19	6	pine	1055400
19	6	shrub	830800
19	6	urban	35700
19	6	water	443900
19	7	crop	2043000
19	7	grass	222800
19	7	oak	2377700
19	7	pine	1055400
19	7	shrub	830800
19	7	urban	35700
19	7	water	443900
19	8	crop	2043000
19	8	grass	222800
19	8	oak	2377700
19	8	pine	1055400
19	8	shrub	830800
19	8	urban	35700
19	8	water	443900
19	9	crop	2043000
19	9	grass	222800
19	9	oak	2377700
19	9	pine	1055400
19	9	shrub	830800
19	9	urban	35700
19	9	water	443900
19	10	crop	2043000
19	10	grass	222800
19	10	oak	2377700
19	10	pine	1055400
19	10	shrub	830800
19	10	urban	35700
19	10	water	443900
19	11	crop	2043000
19	11	grass	222800
19	11	oak	2377700
19	11	pine	1055400
19	11	shrub	830800
19	11	urban	35700
19	11	water	443900
19	12	crop	2043000
19	12	grass	222800
19	12	oak	2377700
19	12	pine	1055400
19	12	shrub	830800
19	12	urban	35700
19	12	water	443900
19	13	crop	2043000
19	13	grass	222800
19	13	oak	2377700
19	13	pine	1055400
19	13	shrub	830800
19	13	urban	35700
19	13	water	443900
19	14	crop	2043000
19	14	grass	222800
19	14	oak	2377700
19	14	pine	1055400
19	14	shrub	830800
19	14	urban	35700
19	14	water	443900
19	15	crop	2043000
19	15	grass	222800
19	15	oak	2377700
19	15	pine	1055400
19	15	shrub	830800
19	15	urban	35700
19	15	water	443900
19	16	crop	2043000
19	16	grass	222800
19	16	oak	2377700
19	16	pine	1055400
19	16	shrub	830800
19	16	urban	35700
19	16	water	443900
19	17	crop	2043000
19	17	grass	222800
19	17	oak	2377700
19	17	pine	1055400
19	17	shrub	830800
19	17	urban	35700
19	17	water	443900
19	18	crop	2043000
19	18	grass	222800
19	18	oak	2377700
19	18	pine	1055400
19	18	shrub	830800
19	18	urban	35700
19	18	water	443900
19	19	crop	2043000
19	19	grass	222800
19	19	oak	2377700
19	19	pine	1055400
19	19	shrub	830800
19	19	urban	35700
19	19	water	443900
19	20	crop	2043000
19	20	grass	222800
19	20	oak	2377700
19	20	pine	1055400
19	20	shrub	830800
19	20	urban	35700
19	20	water	443900
20	0	crop	2043000
20	0	grass	222800
20	0	oak	2377700
20	0	pine	1055400
20	0	shrub	830800
20	0	urban	35700
20	0	water	443900
20	1	crop	2043000
20	1	grass	222800
20	1	oak	2377700
20	1	pine	1055400
20	1	shrub	830800
20	1	urban	35700
20	1	water	443900
20	2	crop	2043000
20	2	grass	222800
20	2	oak	2377700
20	2	pine	1055400
20	2	shrub	830800
20	2	urban	35700
20	2	water	443900
20	3	crop	2043000
20	3	grass	222800
20	3	oak	2377700
20	3	pine	1055400
20	3	shrub	830800
20	3	urban	35700
20	3	water	443900
20	4	crop	2043000
20	4	grass	222800
20	4	oak	2377700
20	4	pine	1055400
20	4	shrub	830800
20	4	urban	35700
20	4	water	443900
20	5	crop	2043000
20	5	grass	222800
20	5	oak	2377700
20	5	pine	1055400
20	5	shrub	830800
20	5	urban	35700
20	5	water	443900
20	6	crop	2043000
20	6	grass	222800
20	6	oak	2377700
20	6	pine	1055400
20	6	shrub	830800
20	6	urban	35700
20	6	water	443900
20	7	crop	2043000
20	7	grass	222800
20	7	oak	2377700
20	7	pine	1055400
20	7	shrub	830800
20	7	urban	35700
20	7	water	443900
20	8	crop	2043000
20	8	grass	222800
20	8	oak	2377700
20	8	pine	1055400
20	8	shrub	830800
20	8	urban	35700
20	8	water	443900
20	9	crop	2043000
20	9	grass	222800
20	9	oak	2377700
20	9	pine	1055400
20	9	shrub	830800
20	9	urban	35700
20	9	water	443900
20	10	crop	2043000
20	10	grass	222800
20	10	oak	2377700
20	10	pine	1055400
20	10	shrub	830800
20	10	urban	35700
20	10	water	443900
20	11	crop	2043000
20	11	grass	222800
20	11	oak	2377700
20	11	pine	1055400
20	11	shrub	830800
20	11	urban	35700
20	11	water	443900
20	12	crop	2043000
20	12	grass	222800
20	12	oak	2377700
20	12	pine	1055400
20	12	shrub	830800
20	12	urban	35700
20	12	water	443900
20	13	crop	2043000
20	13	grass	222800
20	13	oak	2377700
20	13	pine	1055400
20	13	shrub	830800
20	13	urban	35700
20	13	water	443900
20	14	crop	2043000
20	14	grass	222800
20	14	oak	2377700
20	14	pine	1055400
20	14	shrub	830800
20	14	urban	35700
20	14	water	443900
20	15	crop	2043000
20	15	grass	222800
20	15	oak	2377700
20	15	pine	1055400
20	15	shrub	830800
20	15	urban	35700
20	15	water	443900
20	16	crop	2043000
20	16	grass	222800
20	16	oak	2377700
20	16	pine	1055400
20	16	shrub	830800
20	16	urban	35700
20	16	water	443900
20	17	crop	2043000
20	17	grass	222800
20	17	oak	2377700
20	17	pine	1055400
20	17	shrub	830800
20	17	urban	35700
20	17	water	443900
20	18	crop	2043000
20	18	grass	222800
20	18	oak	2377700
20	18	pine	1055400
20	18	shrub	830800
20	18	urban	35700
20	18	water	443900
20	19	crop	2043000
20	19	grass	222800
20	19	oak	2377700
20	19	pine	1055400
20	19	shrub	830800
20	19	urban	35700
20	19	water	443900
20	20	crop	2043000
20	20	grass	222800
20	20	oak	2377700
20	20	pine	1055400
20	20	shrub	830800
20	20	urban	35700
20	20	water	443900
21	0	crop	2043000
21	0	grass	222800
21	0	oak	2377700
21	0	pine	1055400
21	0	shrub	830800
21	0	urban	35700
21	0	water	443900
21	1	crop	2043000
21	1	grass	222800
21	1	oak	2377700
21	1	pine	1055400
21	1	shrub	830800
21	1	urban	35700
21	1	water	443900
21	2	crop	2043000
21	2	grass	222800
21	2	oak	2377700
21	2	pine	1055400
21	2	shrub	830800
21	2	urban	35700
21	2	water	443900
21	3	crop	2043000
21	3	grass	222800
21	3	oak	2377700
21	3	pine	1055400
21	3	shrub	830800
21	3	urban	35700
21	3	water	443900
21	4	crop	2043000
21	4	grass	222800
21	4	oak	2377700
21	4	pine	1055400
21	4	shrub	830800
21	4	urban	35700
21	4	water	443900
21	5	crop	2043000
21	5	grass	222800
21	5	oak	2377700
21	5	pine	1055400
21	5	shrub	830800
21	5	urban	35700
21	5	water	443900
21	6	crop	2043000
21	6	grass	222800
21	6	oak	2377700
21	6	pine	1055400
21	6	shrub	830800
21	6	urban	35700
21	6	water	443900
21	7	crop	2043000
21	7	grass	222800
21	7	oak	2377700
21	7	pine	1055400
21	7	shrub	830800
21	7	urban	35700
21	7	water	443900
21	8	crop	2043000
21	8	grass	222800
21	8	oak	2377700
21	8	pine	1055400
21	8	shrub	830800
21	8	urban	35700
21	8	water	443900
21	9	crop	2043000
21	9	grass	222800
21	9	oak	2377700
21	9	pine	1055400
21	9	shrub	830800
21	9	urban	35700
21	9	water	443900
21	10	crop	2043000
21	10	grass	222800
21	10	oak	2377700
21	10	pine	1055400
21	10	shrub	830800
21	10	urban	35700
21	10	water	443900
21	11	crop	2043000
21	11	grass	222800
21	11	oak	2377700
21	11	pine	1055400
21	11	shrub	830800
21	11	urban	35700
21	11	water	443900
21	12	crop	2043000
21	12	grass	222800
21	12	oak	2377700
21	12	pine	1055400
21	12	shrub	830800
21	12	urban	35700
21	12	water	443900
21	13	crop	2043000
21	13	grass	222800
21	13	oak	2377700
21	13	pine	1055400
21	13	shrub	830800
21	13	urban	35700
21	13	water	443900
21	14	crop	2043000
21	14	grass	222800
21	14	oak	2377700
21	14	pine	1055400
21	14	shrub	830800
21	14	urban	35700
21	14	water	443900
21	15	crop	2043000
21	15	grass	222800
21	15	oak	2377700
21	15	pine	1055400
21	15	shrub	830800
21	15	urban	35700
21	15	water	443900
21	16	crop	2043000
21	16	grass	222800
21	16	oak	2377700
21	16	pine	1055400
21	16	shrub	830800
21	16	urban	35700
21	16	water	443900
21	17	crop	2043000
21	17	grass	222800
21	17	oak	2377700
21	17	pine	1055400
21	17	shrub	830800
21	17	urban	35700
21	17	water	443900
21	18	crop	2043000
21	18	grass	222800
21	18	oak	2377700
21	18	pine	1055400
21	18	shrub	830800
21	18	urban	35700
21	18	water	443900
21	19	crop	2043000
21	19	grass	222800
21	19	oak	2377700
21	19	pine	1055400
21	19	shrub	830800
21	19	urban	35700
21	19	water	443900
21	20	crop	2043000
21	20	grass	222800
21	20	oak	2377700
21	20	pine	1055400
21	20	shrub	830800
21	20	urban	35700
21	20	water	443900
22	0	crop	2043000
22	0	grass	222800
22	0	oak	2377700
22	0	pine	1055400
22	0	shrub	830800
22	0	urban	35700
22	0	water	443900
22	1	crop	2043000
22	1	grass	222800
22	1	oak	2377700
22	1	pine	1055400
22	1	shrub	830800
22	1	urban	35700
22	1	water	443900
22	2	crop	2043000
22	2	grass	222800
22	2	oak	2377700
22	2	pine	1055400
22	2	shrub	830800
22	2	urban	35700
22	2	water	443900
22	3	crop	2043000
22	3	grass	222800
22	3	oak	2377700
22	3	pine	1055400
22	3	shrub	830800
22	3	urban	35700
22	3	water	443900
22	4	crop	2043000
22	4	grass	222800
22	4	oak	2377700
22	4	pine	1055400
22	4	shrub	830800
22	4	urban	35700
22	4	water	443900
22	5	crop	2043000
22	5	grass	222800
22	5	oak	2377700
22	5	pine	1055400
22	5	shrub	830800
22	5	urban	35700
22	5	water	443900
22	6	crop	2043000
22	6	grass	222800
22	6	oak	2377700
22	6	pine	1055400
22	6	shrub	830800
22	6	urban	35700
22	6	water	443900
22	7	crop	2043000
22	7	grass	222800
22	7	oak	2377700
22	7	pine	1055400
22	7	shrub	830800
22	7	urban	35700
22	7	water	443900
22	8	crop	2043000
22	8	grass	222800
22	8	oak	2377700
22	8	pine	1055400
22	8	shrub	830800
22	8	urban	35700
22	8	water	443900
22	9	crop	2043000
22	9	grass	222800
22	9	oak	2377700
22	9	pine	1055400
22	9	shrub	830800
22	9	urban	35700
22	9	water	443900
22	10	crop	2043000
22	10	grass	222800
22	10	oak	2377700
22	10	pine	1055400
22	10	shrub	830800
22	10	urban	35700
22	10	water	443900
22	11	crop	2043000
22	11	grass	222800
22	11	oak	2377700
22	11	pine	1055400
22	11	shrub	830800
22	11	urban	35700
22	11	water	443900
22	12	crop	2043000
22	12	grass	222800
22	12	oak	2377700
22	12	pine	1055400
22	12	shrub	830800
22	12	urban	35700
22	12	water	443900
22	13	crop	2043000
22	13	grass	222800
22	13	oak	2377700
22	13	pine	1055400
22	13	shrub	830800
22	13	urban	35700
22	13	water	443900
22	14	crop	2043000
22	14	grass	222800
22	14	oak	2377700
22	14	pine	1055400
22	14	shrub	830800
22	14	urban	35700
22	14	water	443900
22	15	crop	2043000
22	15	grass	222800
22	15	oak	2377700
22	15	pine	1055400
22	15	shrub	830800
22	15	urban	35700
22	15	water	443900
22	16	crop	2043000
22	16	grass	222800
22	16	oak	2377700
22	16	pine	1055400
22	16	shrub	830800
22	16	urban	35700
22	16	water	443900
22	17	crop	2043000
22	17	grass	222800
22	17	oak	2377700
22	17	pine	1055400
22	17	shrub	830800
22	17	urban	35700
22	17	water	443900
22	18	crop	2043000
22	18	grass	222800
22	18	oak	2377700
22	18	pine	1055400
22	18	shrub	830800
22	18	urban	35700
22	18	water	443900
22	19	crop	2043000
22	19	grass	222800
22	19	oak	2377700
22	19	pine	1055400
22	19	shrub	830800
22	19	urban	35700
22	19	water	443900
22	20	crop	2043000
22	20	grass	222800
22	20	oak	2377700
22	20	pine	1055400
22	20	shrub	830800
22	20	urban	35700
22	20	water	443900
23	0	crop	2043000
23	0	grass	222800
23	0	oak	2377700
23	0	pine	1055400
23	0	shrub	830800
23	0	urban	35700
23	0	water	443900
23	1	crop	2043000
23	1	grass	222800
23	1	oak	2377700
23	1	pine	1055400
23	1	shrub	830800
23	1	urban	35700
23	1	water	443900
23	2	crop	2043000
23	2	grass	222800
23	2	oak	2377700
23	2	pine	1055400
23	2	shrub	830800
23	2	urban	35700
23	2	water	443900
23	3	crop	2043000
23	3	grass	222800
23	3	oak	2377700
23	3	pine	1055400
23	3	shrub	830800
23	3	urban	35700
23	3	water	443900
23	4	crop	2043000
23	4	grass	222800
23	4	oak	2377700
23	4	pine	1055400
23	4	shrub	830800
23	4	urban	35700
23	4	water	443900
23	5	crop	2043000
23	5	grass	222800
23	5	oak	2377700
23	5	pine	1055400
23	5	shrub	830800
23	5	urban	35700
23	5	water	443900
23	6	crop	2043000
23	6	grass	222800
23	6	oak	2377700
23	6	pine	1055400
23	6	shrub	830800
23	6	urban	35700
23	6	water	443900
23	7	crop	2043000
23	7	grass	222800
23	7	oak	2377700
23	7	pine	1055400
23	7	shrub	830800
23	7	urban	35700
23	7	water	443900
23	8	crop	2043000
23	8	grass	222800
23	8	oak	2377700
23	8	pine	1055400
23	8	shrub	830800
23	8	urban	35700
23	8	water	443900
23	9	crop	2043000
23	9	grass	222800
23	9	oak	2377700
23	9	pine	1055400
23	9	shrub	830800
23	9	urban	35700
23	9	water	443900
23	10	crop	2043000
23	10	grass	222800
23	10	oak	2377700
23	10	pine	1055400
23	10	shrub	830800
23	10	urban	35700
23	10	water	443900
23	11	crop	2043000
23	11	grass	222800
23	11	oak	2377700
23	11	pine	1055400
23	11	shrub	830800
23	11	urban	35700
23	11	water	443900
23	12	crop	2043000
23	12	grass	222800
23	12	oak	2377700
23	12	pine	1055400
23	12	shrub	830800
23	12	urban	35700
23	12	water	443900
23	13	crop	2043000
23	13	grass	222800
23	13	oak	2377700
23	13	pine	1055400
23	13	shrub	830800
23	13	urban	35700
23	13	water	443900
23	14	crop	2043000
23	14	grass	222800
23	14	oak	2377700
23	14	pine	1055400
23	14	shrub	830800
23	14	urban	35700
23	14	water	443900
23	15	crop	2043000
23	15	grass	222800
23	15	oak	2377700
23	15	pine	1055400
23	15	shrub	830800
23	15	urban	35700
23	15	water	443900
23	16	crop	2043000
23	16	grass	222800
23	16	oak	2377700
23	16	pine	1055400
23	16	shrub	830800
23	16	urban	35700
23	16	water	443900
23	17	crop	2043000
23	17	grass	222800
23	17	oak	2377700
23	17	pine	1055400
23	17	shrub	830800
23	17	urban	35700
23	17	water	443900
23	18	crop	2043000
23	18	grass	222800
23	18	oak	2377700
23	18	pine	1055400
23	18	shrub	830800
23	18	urban	35700
23	18	water	443900
23	19	crop	2043000
23	19	grass	222800
23	19	oak	2377700
23	19	pine	1055400
23	19	shrub	830800
23	19	urban	35700
23	19	water	443900
23	20	crop	2043000
23	20	grass	222800
23	20	oak	2377700
23	20	pine	1055400
23	20	shrub	830800
23	20	urban	35700
23	20	water	443900
24	0	crop	2043000
24	0	grass	222800
24	0	oak	2377700
24	0	pine	1055400
24	0	shrub	830800
24	0	urban	35700
24	0	water	443900
24	1	crop	2043000
24	1	grass	222800
24	1	oak	2377700
24	1	pine	1055400
24	1	shrub	830800
24	1	urban	35700
24	1	water	443900
24	2	crop	2043000
24	2	grass	222800
24	2	oak	2377700
24	2	pine	1055400
24	2	shrub	830800
24	2	urban	35700
24	2	water	443900
24	3	crop	2043000
24	3	grass	222800
24	3	oak	2377700
24	3	pine	1055400
24	3	shrub	830800
24	3	urban	35700
24	3	water	443900
24	4	crop	2043000
24	4	grass	222800
24	4	oak	2377700
24	4	pine	1055400
24	4	shrub	830800
24	4	urban	35700
24	4	water	443900
24	5	crop	2043000
24	5	grass	222800
24	5	oak	2377700
24	5	pine	1055400
24	5	shrub	830800
24	5	urban	35700
24	5	water	443900
24	6	crop	2043000
24	6	grass	222800
24	6	oak	2377700
24	6	pine	1055400
24	6	shrub	830800
24	6	urban	35700
24	6	water	443900
24	7	crop	2043000
24	7	grass	222800
24	7	oak	2377700
24	7	pine	1055400
24	7	shrub	830800
24	7	urban	35700
24	7	water	443900
24	8	crop	2043000
24	8	grass	222800
24	8	oak	2377700
24	8	pine	1055400
24	8	shrub	830800
24	8	urban	35700
24	8	water	443900
24	9	crop	2043000
24	9	grass	222800
24	9	oak	2377700
24	9	pine	1055400
24	9	shrub	830800
24	9	urban	35700
24	9	water	443900
24	10	crop	2043000
24	10	grass	222800
24	10	oak	2377700
24	10	pine	1055400
24	10	shrub	830800
24	10	urban	35700
24	10	water	443900
24	11	crop	2043000
24	11	grass	222800
24	11	oak	2377700
24	11	pine	1055400
24	11	shrub	830800
24	11	urban	35700
24	11	water	443900
24	12	crop	2043000
24	12	grass	222800
24	12	oak	2377700
24	12	pine	1055400
24	12	shrub	830800
24	12	urban	35700
24	12	water	443900
24	13	crop	2043000
24	13	grass	222800
24	13	oak	2377700
24	13	pine	1055400
24	13	shrub	830800
24	13	urban	35700
24	13	water	443900
24	14	crop	2043000
24	14	grass	222800
24	14	oak	2377700
24	14	pine	1055400
24	14	shrub	830800
24	14	urban	35700
24	14	water	443900
24	15	crop	2043000
24	15	grass	222800
24	15	oak	2377700
24	15	pine	1055400
24	15	shrub	830800
24	15	urban	35700
24	15	water	443900
24	16	crop	2043000
24	16	grass	222800
24	16	oak	2377700
24	16	pine	1055400
24	16	shrub	830800
24	16	urban	35700
24	16	water	443900
24	17	crop	2043000
24	17	grass	222800
24	17	oak	2377700
24	17	pine	1055400
24	17	shrub	830800
24	17	urban	35700
24	17	water	443900
24	18	crop	2043000
24	18	grass	222800
24	18	oak	2377700
24	18	pine	1055400
24	18	shrub	830800
24	18	urban	35700
24	18	water	443900
24	19	crop	2043000
24	19	grass	222800
24	19	oak	2377700
24	19	pine	1055400
24	19	shrub	830800
24	19	urban	35700
24	19	water	443900
24	20	crop	2043000
24	20	grass	222800
24	20	oak	2377700
24	20	pine	1055400
24	20	shrub	830800
24	20	urban	35700
24	20	water	443900
25	0	crop	2043000
25	0	grass	222800
25	0	oak	2377700
25	0	pine	1055400
25	0	shrub	830800
25	0	urban	35700
25	0	water	443900
25	1	crop	2043000
25	1	grass	222800
25	1	oak	2377700
25	1	pine	1055400
25	1	shrub	830800
25	1	urban	35700
25	1	water	443900
25	2	crop	2043000
25	2	grass	222800
25	2	oak	2377700
25	2	pine	1055400
25	2	shrub	830800
25	2	urban	35700
25	2	water	443900
25	3	crop	2043000
25	3	grass	222800
25	3	oak	2377700
25	3	pine	1055400
25	3	shrub	830800
25	3	urban	35700
25	3	water	443900
25	4	crop	2043000
25	4	grass	222800
25	4	oak	2377700
25	4	pine	1055400
25	4	shrub	830800
25	4	urban	35700
25	4	water	443900
25	5	crop	2043000
25	5	grass	222800
25	5	oak	2377700
25	5	pine	1055400
25	5	shrub	830800
25	5	urban	35700
25	5	water	443900
25	6	crop	2043000
25	6	grass	222800
25	6	oak	2377700
25	6	pine	1055400
25	6	shrub	830800
25	6	urban	35700
25	6	water	443900
25	7	crop	2043000
25	7	grass	222800
25	7	oak	2377700
25	7	pine	1055400
25	7	shrub	830800
25	7	urban	35700
25	7	water	443900
25	8	crop	2043000
25	8	grass	222800
25	8	oak	2377700
25	8	pine	1055400
25	8	shrub	830800
25	8	urban	35700
25	8	water	443900
25	9	crop	2043000
25	9	grass	222800
25	9	oak	2377700
25	9	pine	1055400
25	9	shrub	830800
25	9	urban	35700
25	9	water	443900
25	10	crop	2043000
25	10	grass	222800
25	10	oak	2377700
25	10	pine	1055400
25	10	shrub	830800
25	10	urban	35700
25	10	water	443900
25	11	crop	2043000
25	11	grass	222800
25	11	oak	2377700
25	11	pine	1055400
25	11	shrub	830800
25	11	urban	35700
25	11	water	443900
25	12	crop	2043000
25	12	grass	222800
25	12	oak	2377700
25	12	pine	1055400
25	12	shrub	830800
25	12	urban	35700
25	12	water	443900
25	13	crop	2043000
25	13	grass	222800
25	13	oak	2377700
25	13	pine	1055400
25	13	shrub	830800
25	13	urban	35700
25	13	water	443900
25	14	crop	2043000
25	14	grass	222800
25	14	oak	2377700
25	14	pine	1055400
25	14	shrub	830800
25	14	urban	35700
25	14	water	443900
25	15	crop	2043000
25	15	grass	222800
25	15	oak	2377700
25	15	pine	1055400
25	15	shrub	830800
25	15	urban	35700
25	15	water	443900
25	16	crop	2043000
25	16	grass	222800
25	16	oak	2377700
25	16	pine	1055400
25	16	shrub	830800
25	16	urban	35700
25	16	water	443900
25	17	crop	2043000
25	17	grass	222800
25	17	oak	2377700
25	17	pine	1055400
25	17	shrub	830800
25	17	urban	35700
25	17	water	443900
25	18	crop	2043000
25	18	grass	222800
25	18	oak	2377700
25	18	pine	1055400
25	18	shrub	830800
25	18	urban	35700
25	18	water	443900
25	19	crop	2043000
25	19	grass	222800
25	19	oak	2377700
25	19	pine	1055400
25	19	shrub	830800
25	19	urban	35700
25	19	water	443900
25	20	crop	2043000
25	20	grass	222800
25	20	oak	2377700
25	20	pine	1055400
25	20	shrub	830800
25	20	urban	35700
25	20	water	443900
26	0	crop	2043000
26	0	grass	222800
26	0	oak	2377700
26	0	pine	1055400
26	0	shrub	830800
26	0	urban	35700
26	0	water	443900
26	1	crop	2043000
26	1	grass	222800
26	1	oak	2377700
26	1	pine	1055400
26	1	shrub	830800
26	1	urban	35700
26	1	water	443900
26	2	crop	2043000
26	2	grass	222800
26	2	oak	2377700
26	2	pine	1055400
26	2	shrub	830800
26	2	urban	35700
26	2	water	443900
26	3	crop	2043000
26	3	grass	222800
26	3	oak	2377700
26	3	pine	1055400
26	3	shrub	830800
26	3	urban	35700
26	3	water	443900
26	4	crop	2043000
26	4	grass	222800
26	4	oak	2377700
26	4	pine	1055400
26	4	shrub	830800
26	4	urban	35700
26	4	water	443900
26	5	crop	2043000
26	5	grass	222800
26	5	oak	2377700
26	5	pine	1055400
26	5	shrub	830800
26	5	urban	35700
26	5	water	443900
26	6	crop	2043000
26	6	grass	222800
26	6	oak	2377700
26	6	pine	1055400
26	6	shrub	830800
26	6	urban	35700
26	6	water	443900
26	7	crop	2043000
26	7	grass	222800
26	7	oak	2377700
26	7	pine	1055400
26	7	shrub	830800
26	7	urban	35700
26	7	water	443900
26	8	crop	2043000
26	8	grass	222800
26	8	oak	2377700
26	8	pine	1055400
26	8	shrub	830800
26	8	urban	35700
26	8	water	443900
26	9	crop	2043000
26	9	grass	222800
26	9	oak	2377700
26	9	pine	1055400
26	9	shrub	830800
26	9	urban	35700
26	9	water	443900
26	10	crop	2043000
26	10	grass	222800
26	10	oak	2377700
26	10	pine	1055400
26	10	shrub	830800
26	10	urban	35700
26	10	water	443900
26	11	crop	2043000
26	11	grass	222800
26	11	oak	2377700
26	11	pine	1055400
26	11	shrub	830800
26	11	urban	35700
26	11	water	443900
26	12	crop	2043000
26	12	grass	222800
26	12	oak	2377700
26	12	pine	1055400
26	12	shrub	830800
26	12	urban	35700
26	12	water	443900
26	13	crop	2043000
26	13	grass	222800
26	13	oak	2377700
26	13	pine	1055400
26	13	shrub	830800
26	13	urban	35700
26	13	water	443900
26	14	crop	2043000
26	14	grass	222800
26	14	oak	2377700
26	14	pine	1055400
26	14	shrub	830800
26	14	urban	35700
26	14	water	443900
26	15	crop	2043000
26	15	grass	222800
26	15	oak	2377700
26	15	pine	1055400
26	15	shrub	830800
26	15	urban	35700
26	15	water	443900
26	16	crop	2043000
26	16	grass	222800
26	16	oak	2377700
26	16	pine	1055400
26	16	shrub	830800
26	16	urban	35700
26	16	water	443900
26	17	crop	2043000
26	17	grass	222800
26	17	oak	2377700
26	17	pine	1055400
26	17	shrub	830800
26	17	urban	35700
26	17	water	443900
26	18	crop	2043000
26	18	grass	222800
26	18	oak	2377700
26	18	pine	1055400
26	18	shrub	830800
26	18	urban	35700
26	18	water	443900
26	19	crop	2043000
26	19	grass	222800
26	19	oak	2377700
26	19	pine	1055400
26	19	shrub	830800
26	19	urban	35700
26	19	water	443900
26	20	crop	2043000
26	20	grass	222800
26	20	oak	2377700
26	20	pine	1055400
26	20	shrub	830800
26	20	urban	35700
26	20	water	443900
27	0	crop	2043000
27	0	grass	222800
27	0	oak	2377700
27	0	pine	1055400
27	0	shrub	830800
27	0	urban	35700
27	0	water	443900
27	1	crop	2043000
27	1	grass	222800
27	1	oak	2377700
27	1	pine	1055400
27	1	shrub	830800
27	1	urban	35700
27	1	water	443900
27	2	crop	2043000
27	2	grass	222800
27	2	oak	2377700
27	2	pine	1055400
27	2	shrub	830800
27	2	urban	35700
27	2	water	443900
27	3	crop	2043000
27	3	grass	222800
27	3	oak	2377700
27	3	pine	1055400
27	3	shrub	830800
27	3	urban	35700
27	3	water	443900
27	4	crop	2043000
27	4	grass	222800
27	4	oak	2377700
27	4	pine	1055400
27	4	shrub	830800
27	4	urban	35700
27	4	water	443900
27	5	crop	2043000
27	5	grass	222800
27	5	oak	2377700
27	5	pine	1055400
27	5	shrub	830800
27	5	urban	35700
27	5	water	443900
27	6	crop	2043000
27	6	grass	222800
27	6	oak	2377700
27	6	pine	1055400
27	6	shrub	830800
27	6	urban	35700
27	6	water	443900
27	7	crop	2043000
27	7	grass	222800
27	7	oak	2377700
27	7	pine	1055400
27	7	shrub	830800
27	7	urban	35700
27	7	water	443900
27	8	crop	2043000
27	8	grass	222800
27	8	oak	2377700
27	8	pine	1055400
27	8	shrub	830800
27	8	urban	35700
27	8	water	443900
27	9	crop	2043000
27	9	grass	222800
27	9	oak	2377700
27	9	pine	1055400
27	9	shrub	830800
27	9	urban	35700
27	9	water	443900
27	10	crop	2043000
27	10	grass	222800
27	10	oak	2377700
27	10	pine	1055400
27	10	shrub	830800
27	10	urban	35700
27	10	water	443900
27	11	crop	2043000
27	11	grass	222800
27	11	oak	2377700
27	11	pine	1055400
27	11	shrub	830800
27	11	urban	35700
27	11	water	443900
27	12	crop	2043000
27	12	grass	222800
27	12	oak	2377700
27	12	pine	1055400
27	12	shrub	830800
27	12	urban	35700
27	12	water	443900
27	13	crop	2043000
27	13	grass	222800
27	13	oak	2377700
27	13	pine	1055400
27	13	shrub	830800
27	13	urban	35700
27	13	water	443900
27	14	crop	2043000
27	14	grass	222800
27	14	oak	2377700
27	14	pine	1055400
27	14	shrub	830800
27	14	urban	35700
27	14	water	443900
27	15	crop	2043000
27	15	grass	222800
27	15	oak	2377700
27	15	pine	1055400
27	15	shrub	830800
27	15	urban	35700
27	15	water	443900
27	16	crop	2043000
27	16	grass	222800
27	16	oak	2377700
27	16	pine	1055400
27	16	shrub	830800
27	16	urban	35700
27	16	water	443900
27	17	crop	2043000
27	17	grass	222800
27	17	oak	2377700
27	17	pine	1055400
27	17	shrub	830800
27	17	urban	35700
27	17	water	443900
27	18	crop	2043000
27	18	grass	222800
27	18	oak	2377700
27	18	pine	1055400
27	18	shrub	830800
27	18	urban	35700
27	18	water	443900
27	19	crop	2043000
27	19	grass	222800
27	19	oak	2377700
27	19	pine	1055400
27	19	shrub	830800
27	19	urban	35700
27	19	water	443900
27	20	crop	2043000
27	20	grass	222800
27	20	oak	2377700
27	20	pine	1055400
27	20	shrub	830800
27	20	urban	35700
27	20	water	443900
28	0	crop	2043000
28	0	grass	222800
28	0	oak	2377700
28	0	pine	1055400
28	0	shrub	830800
28	0	urban	35700
28	0	water	443900
28	1	crop	2043000
28	1	grass	222800
28	1	oak	2377700
28	1	pine	1055400
28	1	shrub	830800
28	1	urban	35700
28	1	water	443900
28	2	crop	2043000
28	2	grass	222800
28	2	oak	2377700
28	2	pine	1055400
28	2	shrub	830800
28	2	urban	35700
28	2	water	443900
28	3	crop	2043000
28	3	grass	222800
28	3	oak	2377700
28	3	pine	1055400
28	3	shrub	830800
28	3	urban	35700
28	3	water	443900
28	4	crop	2043000
28	4	grass	222800
28	4	oak	2377700
28	4	pine	1055400
28	4	shrub	830800
28	4	urban	35700
28	4	water	443900
28	5	crop	2043000
28	5	grass	222800
28	5	oak	2377700
28	5	pine	1055400
28	5	shrub	830800
28	5	urban	35700
28	5	water	443900
28	6	crop	2043000
28	6	grass	222800
28	6	oak	2377700
28	6	pine	1055400
28	6	shrub	830800
28	6	urban	35700
28	6	water	443900
28	7	crop	2043000
28	7	grass	222800
28	7	oak	2377700
28	7	pine	1055400
28	7	shrub	830800
28	7	urban	35700
28	7	water	443900
28	8	crop	2043000
28	8	grass	222800
28	8	oak	2377700
28	8	pine	1055400
28	8	shrub	830800
28	8	urban	35700
28	8	water	443900
28	9	crop	2043000
28	9	grass	222800
28	9	oak	2377700
28	9	pine	1055400
28	9	shrub	830800
28	9	urban	35700
28	9	water	443900
28	10	crop	2043000
28	10	grass	222800
28	10	oak	2377700
28	10	pine	1055400
28	10	shrub	830800
28	10	urban	35700
28	10	water	443900
28	11	crop	2043000
28	11	grass	222800
28	11	oak	2377700
28	11	pine	1055400
28	11	shrub	830800
28	11	urban	35700
28	11	water	443900
28	12	crop	2043000
28	12	grass	222800
28	12	oak	2377700
28	12	pine	1055400
28	12	shrub	830800
28	12	urban	35700
28	12	water	443900
28	13	crop	2043000
28	13	grass	222800
28	13	oak	2377700
28	13	pine	1055400
28	13	shrub	830800
28	13	urban	35700
28	13	water	443900
28	14	crop	2043000
28	14	grass	222800
28	14	oak	2377700
28	14	pine	1055400
28	14	shrub	830800
28	14	urban	35700
28	14	water	443900
28	15	crop	2043000
28	15	grass	222800
28	15	oak	2377700
28	15	pine	1055400
28	15	shrub	830800
28	15	urban	35700
28	15	water	443900
28	16	crop	2043000
28	16	grass	222800
28	16	oak	2377700
28	16	pine	1055400
28	16	shrub	830800
28	16	urban	35700
28	16	water	443900
28	17	crop	2043000
28	17	grass	222800
28	17	oak	2377700
28	17	pine	1055400
28	17	shrub	830800
28	17	urban	35700
28	17	water	443900
28	18	crop	2043000
28	18	grass	222800
28	18	oak	2377700
28	18	pine	1055400
28	18	shrub	830800
28	18	urban	35700
28	18	water	443900
28	19	crop	2043000
28	19	grass	222800
28	19	oak	2377700
28	19	pine	1055400
28	19	shrub	830800
28	19	urban	35700
28	19	water	443900
28	20	crop	2043000
28	20	grass	222800
28	20	oak	2377700
28	20	pine	1055400
28	20	shrub	830800
28	20	urban	35700
28	20	water	443900
29	0	crop	2043000
29	0	grass	222800
29	0	oak	2377700
29	0	pine	1055400
29	0	shrub	830800
29	0	urban	35700
29	0	water	443900
29	1	crop	2043000
29	1	grass	222800
29	1	oak	2377700
29	1	pine	1055400
29	1	shrub	830800
29	1	urban	35700
29	1	water	443900
29	2	crop	2043000
29	2	grass	222800
29	2	oak	2377700
29	2	pine	1055400
29	2	shrub	830800
29	2	urban	35700
29	2	water	443900
29	3	crop	2043000
29	3	grass	222800
29	3	oak	2377700
29	3	pine	1055400
29	3	shrub	830800
29	3	urban	35700
29	3	water	443900
29	4	crop	2043000
29	4	grass	222800
29	4	oak	2377700
29	4	pine	1055400
29	4	shrub	830800
29	4	urban	35700
29	4	water	443900
29	5	crop	2043000
29	5	grass	222800
29	5	oak	2377700
29	5	pine	1055400
29	5	shrub	830800
29	5	urban	35700
29	5	water	443900
29	6	crop	2043000
29	6	grass	222800
29	6	oak	2377700
29	6	pine	1055400
29	6	shrub	830800
29	6	urban	35700
29	6	water	443900
29	7	crop	2043000
29	7	grass	222800
29	7	oak	2377700
29	7	pine	1055400
29	7	shrub	830800
29	7	urban	35700
29	7	water	443900
29	8	crop	2043000
29	8	grass	222800
29	8	oak	2377700
29	8	pine	1055400
29	8	shrub	830800
29	8	urban	35700
29	8	water	443900
29	9	crop	2043000
29	9	grass	222800
29	9	oak	2377700
29	9	pine	1055400
29	9	shrub	830800
29	9	urban	35700
29	9	water	443900
29	10	crop	2043000
29	10	grass	222800
29	10	oak	2377700
29	10	pine	1055400
29	10	shrub	830800
29	10	urban	35700
29	10	water	443900
29	11	crop	2043000
29	11	grass	222800
29	11	oak	2377700
29	11	pine	1055400
29	11	shrub	830800
29	11	urban	35700
29	11	water	443900
29	12	crop	2043000
29	12	grass	222800
29	12	oak	2377700
29	12	pine	1055400
29	12	shrub	830800
29	12	urban	35700
29	12	water	443900
29	13	crop	2043000
29	13	grass	222800
29	13	oak	2377700
29	13	pine	1055400
29	13	shrub	830800
29	13	urban	35700
29	13	water	443900
29	14	crop	2043000
29	14	grass	222800
29	14	oak	2377700
29	14	pine	1055400
29	14	shrub	830800
29	14	urban	35700
29	14	water	443900
29	15	crop	2043000
29	15	grass	222800
29	15	oak	2377700
29	15	pine	1055400
29	15	shrub	830800
29	15	urban	35700
29	15	water	443900
29	16	crop	2043000
29	16	grass	222800
29	16	oak	2377700
29	16	pine	1055400
29	16	shrub	830800
29	16	urban	35700
29	16	water	443900
29	17	crop	2043000
29	17	grass	222800
29	17	oak	2377700
29	17	pine	1055400
29	17	shrub	830800
29	17	urban	35700
29	17	water	443900
29	18	crop	2043000
29	18	grass	222800
29	18	oak	2377700
29	18	pine	1055400
29	18	shrub	830800
29	18	urban	35700
29	18	water	443900
29	19	crop	2043000
29	19	grass	222800
29	19	oak	2377700
29	19	pine	1055400
29	19	shrub	830800
29	19	urban	35700
29	19	water	443900
29	20	crop	2043000
29	20	grass	222800
29	20	oak	2377700
29	20	pine	1055400
29	20	shrub	830800
29	20	urban	35700
29	20	water	443900
30	0	crop	2043000
30	0	grass	222800
30	0	oak	2377700
30	0	pine	1055400
30	0	shrub	830800
30	0	urban	35700
30	0	water	443900
30	1	crop	2043000
30	1	grass	222800
30	1	oak	2377700
30	1	pine	1055400
30	1	shrub	830800
30	1	urban	35700
30	1	water	443900
30	2	crop	2043000
30	2	grass	222800
30	2	oak	2377700
30	2	pine	1055400
30	2	shrub	830800
30	2	urban	35700
30	2	water	443900
30	3	crop	2043000
30	3	grass	222800
30	3	oak	2377700
30	3	pine	1055400
30	3	shrub	830800
30	3	urban	35700
30	3	water	443900
30	4	crop	2043000
30	4	grass	222800
30	4	oak	2377700
30	4	pine	1055400
30	4	shrub	830800
30	4	urban	35700
30	4	water	443900
30	5	crop	2043000
30	5	grass	222800
30	5	oak	2377700
30	5	pine	1055400
30	5	shrub	830800
30	5	urban	35700
30	5	water	443900
30	6	crop	2043000
30	6	grass	222800
30	6	oak	2377700
30	6	pine	1055400
30	6	shrub	830800
30	6	urban	35700
30	6	water	443900
30	7	crop	2043000
30	7	grass	222800
30	7	oak	2377700
30	7	pine	1055400
30	7	shrub	830800
30	7	urban	35700
30	7	water	443900
30	8	crop	2043000
30	8	grass	222800
30	8	oak	2377700
30	8	pine	1055400
30	8	shrub	830800
30	8	urban	35700
30	8	water	443900
30	9	crop	2043000
30	9	grass	222800
30	9	oak	2377700
30	9	pine	1055400
30	9	shrub	830800
30	9	urban	35700
30	9	water	443900
30	10	crop	2043000
30	10	grass	222800
30	10	oak	2377700
30	10	pine	1055400
30	10	shrub	830800
30	10	urban	35700
30	10	water	443900
30	11	crop	2043000
30	11	grass	222800
30	11	oak	2377700
30	11	pine	1055400
30	11	shrub	830800
30	11	urban	35700
30	11	water	443900
30	12	crop	2043000
30	12	grass	222800
30	12	oak	2377700
30	12	pine	1055400
30	12	shrub	830800
30	12	urban	35700
30	12	water	443900
30	13	crop	2043000
30	13	grass	222800
30	13	oak	2377700
30	13	pine	1055400
30	13	shrub	830800
30	13	urban	35700
30	13	water	443900
30	14	crop	2043000
30	14	grass	222800
30	14	oak	2377700
30	14	pine	1055400
30	14	shrub	830800
30	14	urban	35700
30	14	water	443900
30	15	crop	2043000
30	15	grass	222800
30	15	oak	2377700
30	15	pine	1055400
30	15	shrub	830800
30	15	urban	35700
30	15	water	443900
30	16	crop	2043000
30	16	grass	222800
30	16	oak	2377700
30	16	pine	1055400
30	16	shrub	830800
30	16	urban	35700
30	16	water	443900
30	17	crop	2043000
30	17	grass	222800
30	17	oak	2377700
30	17	pine	1055400
30	17	shrub	830800
30	17	urban	35700
30	17	water	443900
30	18	crop	2043000
30	18	grass	222800
30	18	oak	2377700
30	18	pine	1055400
30	18	shrub	830800
30	18	urban	35700
30	18	water	443900
30	19	crop	2043000
30	19	grass	222800
30	19	oak	2377700
30	19	pine	1055400
30	19	shrub	830800
30	19	urban	35700
30	19	water	443900
30	20	crop	2043000
30	20	grass	222800
30	20	oak	2377700
30	20	pine	1055400
30	20	shrub	830800
30	20	urban	35700
30	20	water	443900
