run	year	tschg	area
1	1	51	536900
1	1	NA	515700
1	2	2	2800
1	2	52	536100
1	2	NA	515200
1	3	2	1300
1	3	3	2800
1	3	53	535800
1	3	NA	514600
1	4	2	900
1	4	3	1300
1	4	4	2800
1	4	54	533300
1	4	NA	512300
1	5	2	4800
1	5	3	900
1	5	4	1300
1	5	5	2800
1	5	55	529200
1	5	NA	507700
1	6	2	8700
1	6	3	4800
1	6	4	900
1	6	5	1300
1	6	6	2800
1	6	56	528400
1	6	NA	506800
1	7	2	1700
1	7	3	8400
1	7	4	4800
1	7	5	900
1	7	6	1300
1	7	7	2800
1	7	57	524300
1	7	NA	503400
1	8	2	7400
1	8	3	1600
1	8	4	8300
1	8	5	4500
1	8	6	900
1	8	7	1300
1	8	8	2800
1	8	58	518900
1	8	NA	496600
1	9	2	13100
1	9	3	7400
1	9	4	1600
1	9	5	8200
1	9	6	4500
1	9	7	900
1	9	8	1300
1	9	9	2800
1	9	59	517600
1	9	NA	495900
1	10	2	2100
1	10	3	13100
1	10	4	7300
1	10	5	1600
1	10	6	8200
1	10	7	4500
1	10	8	900
1	10	9	1300
1	10	10	2800
1	10	60	511200
1	10	NA	491000
1	11	2	11300
1	11	3	2100
1	11	4	13100
1	11	5	7300
1	11	6	1600
1	11	7	8200
1	11	8	4500
1	11	9	900
1	11	10	1300
1	11	11	2800
1	11	61	510500
1	11	NA	490400
1	12	2	1400
1	12	3	11300
1	12	4	2100
1	12	5	13100
1	12	6	7300
1	12	7	1600
1	12	8	8200
1	12	9	4400
1	12	10	900
1	12	11	1300
1	12	12	2800
1	12	62	507300
1	12	NA	488100
1	13	2	5600
1	13	3	1400
1	13	4	11200
1	13	5	2100
1	13	6	12900
1	13	7	7200
1	13	8	1500
1	13	9	8000
1	13	10	4400
1	13	11	900
1	13	12	1300
1	13	13	2800
1	13	63	502500
1	13	NA	483600
1	14	2	9900
1	14	3	5500
1	14	4	1400
1	14	5	11000
1	14	6	2100
1	14	7	12800
1	14	8	7200
1	14	9	1500
1	14	10	8000
1	14	11	4400
1	14	12	900
1	14	13	1300
1	14	14	2800
1	14	64	499500
1	14	NA	480800
1	15	2	6200
1	15	3	9700
1	15	4	5500
1	15	5	1400
1	15	6	10800
1	15	7	2100
1	15	8	12500
1	15	9	7100
1	15	10	1500
1	15	11	7800
1	15	12	4400
1	15	13	900
1	15	14	1300
1	15	15	2700
1	15	65	492000
1	15	NA	473500
1	16	2	16000
1	16	3	6200
1	16	4	9700
1	16	5	5500
1	16	6	1400
1	16	7	10800
1	16	8	2100
1	16	9	12500
1	16	10	7100
1	16	11	1500
1	16	12	7800
1	16	13	4400
1	16	14	900
1	16	15	1300
1	16	16	2700
1	16	66	490600
1	16	NA	473200
1	17	2	1700
1	17	3	16000
1	17	4	6100
1	17	5	9700
1	17	6	5500
1	17	7	1400
1	17	8	10700
1	17	9	2100
1	17	10	12500
1	17	11	7100
1	17	12	1500
1	17	13	7800
1	17	14	4400
1	17	15	900
1	17	16	1300
1	17	17	2700
1	17	67	489400
1	17	NA	472000
1	18	2	2600
1	18	3	1700
1	18	4	16000
1	18	5	6100
1	18	6	9700
1	18	7	5500
1	18	8	1400
1	18	9	10700
1	18	10	2100
1	18	11	12100
1	18	12	7100
1	18	13	1500
1	18	14	7700
1	18	15	4400
1	18	16	900
1	18	17	1300
1	18	18	2700
1	18	68	488300
1	18	NA	471200
1	19	2	2400
1	19	3	2600
1	19	4	1700
1	19	5	15700
1	19	6	6100
1	19	7	9600
1	19	8	5400
1	19	9	1400
1	19	10	10700
1	19	11	2000
1	19	12	11900
1	19	13	7100
1	19	14	1500
1	19	15	7600
1	19	16	4400
1	19	17	900
1	19	18	1300
1	19	19	2700
1	19	69	485000
1	19	NA	468300
1	20	2	7100
1	20	3	2400
1	20	4	2600
1	20	5	1700
1	20	6	15700
1	20	7	6100
1	20	8	9600
1	20	9	5400
1	20	10	1400
1	20	11	10700
1	20	12	2000
1	20	13	11900
1	20	14	7100
1	20	15	1500
1	20	16	7600
1	20	17	4400
1	20	18	800
1	20	19	1300
1	20	20	2700
1	20	70	484700
1	20	NA	467800
2	1	51	537300
2	1	NA	516600
2	2	2	1500
2	2	52	533700
2	2	NA	513700
2	3	2	6500
2	3	3	1500
2	3	53	529500
2	3	NA	511000
2	4	2	6900
2	4	3	6500
2	4	4	1500
2	4	54	528000
2	4	NA	510100
2	5	2	2400
2	5	3	6900
2	5	4	6500
2	5	5	1500
2	5	55	526200
2	5	NA	509000
2	6	2	2900
2	6	3	2400
2	6	4	6800
2	6	5	6500
2	6	6	1400
2	6	56	523500
2	6	NA	506300
2	7	2	5600
2	7	3	2900
2	7	4	2400
2	7	5	6800
2	7	6	6500
2	7	7	1400
2	7	57	521700
2	7	NA	503900
2	8	2	4200
2	8	3	5600
2	8	4	2900
2	8	5	2400
2	8	6	6800
2	8	7	6500
2	8	8	1400
2	8	58	520500
2	8	NA	503100
2	9	2	2000
2	9	3	4200
2	9	4	5600
2	9	5	2900
2	9	6	2400
2	9	7	6800
2	9	8	6500
2	9	9	1400
2	9	59	517400
2	9	NA	499500
2	10	2	6700
2	10	3	2000
2	10	4	4100
2	10	5	5600
2	10	6	2900
2	10	7	2400
2	10	8	6700
2	10	9	6400
2	10	10	1400
2	10	60	515800
2	10	NA	496800
2	11	2	4600
2	11	3	6500
2	11	4	2000
2	11	5	4100
2	11	6	5600
2	11	7	2900
2	11	8	2400
2	11	9	6500
2	11	10	6300
2	11	11	1400
2	11	61	510700
2	11	NA	490300
2	12	2	12100
2	12	3	4500
2	12	4	6500
2	12	5	2000
2	12	6	4000
2	12	7	5500
2	12	8	2900
2	12	9	2400
2	12	10	6400
2	12	11	6300
2	12	12	1300
2	12	62	506700
2	12	NA	485400
2	13	2	9300
2	13	3	12000
2	13	4	4500
2	13	5	6500
2	13	6	2000
2	13	7	3900
2	13	8	5500
2	13	9	2900
2	13	10	2400
2	13	11	6400
2	13	12	6300
2	13	13	1300
2	13	63	504300
2	13	NA	484400
2	14	2	3700
2	14	3	9300
2	14	4	12000
2	14	5	4500
2	14	6	6500
2	14	7	1900
2	14	8	3900
2	14	9	5400
2	14	10	2900
2	14	11	2400
2	14	12	6400
2	14	13	6300
2	14	14	1300
2	14	64	503300
2	14	NA	483300
2	15	2	2300
2	15	3	3700
2	15	4	9300
2	15	5	12000
2	15	6	4500
2	15	7	6500
2	15	8	1900
2	15	9	3900
2	15	10	5400
2	15	11	2900
2	15	12	2400
2	15	13	6400
2	15	14	6200
2	15	15	1300
2	15	65	502600
2	15	NA	482600
2	16	2	1500
2	16	3	2300
2	16	4	3700
2	16	5	9300
2	16	6	11900
2	16	7	4500
2	16	8	6500
2	16	9	1900
2	16	10	3900
2	16	11	5400
2	16	12	2900
2	16	13	2400
2	16	14	6400
2	16	15	6200
2	16	16	1300
2	16	66	501600
2	16	NA	481300
2	17	2	2300
2	17	3	1500
2	17	4	2300
2	17	5	3700
2	17	6	9300
2	17	7	11600
2	17	8	4500
2	17	9	6400
2	17	10	1900
2	17	11	3900
2	17	12	5400
2	17	13	2900
2	17	14	2400
2	17	15	6400
2	17	16	6200
2	17	17	1300
2	17	67	499100
2	17	NA	478100
2	18	2	6200
2	18	3	2300
2	18	4	1500
2	18	5	2300
2	18	6	3700
2	18	7	9000
2	18	8	11600
2	18	9	4300
2	18	10	6400
2	18	11	1900
2	18	12	3800
2	18	13	5200
2	18	14	2900
2	18	15	2400
2	18	16	6400
2	18	17	6200
2	18	18	1300
2	18	68	495300
2	18	NA	474300
2	19	2	8400
2	19	3	5900
2	19	4	2300
2	19	5	1500
2	19	6	2300
2	19	7	3700
2	19	8	9000
2	19	9	11400
2	19	10	4200
2	19	11	6300
2	19	12	1800
2	19	13	3800
2	19	14	5100
2	19	15	2900
2	19	16	2300
2	19	17	6300
2	19	18	6000
2	19	19	1300
2	19	69	486800
2	19	NA	466400
2	20	2	17600
2	20	3	8400
2	20	4	5900
2	20	5	2300
2	20	6	1500
2	20	7	2300
2	20	8	3700
2	20	9	9000
2	20	10	11400
2	20	11	4200
2	20	12	6300
2	20	13	1800
2	20	14	3700
2	20	15	5100
2	20	16	2900
2	20	17	2300
2	20	18	6300
2	20	19	6000
2	20	20	1200
2	20	70	485500
2	20	NA	465300
3	1	51	536100
3	1	NA	516200
3	2	2	3000
3	2	52	534900
3	2	NA	515300
3	3	2	2200
3	3	3	3000
3	3	53	531400
3	3	NA	511700
3	4	2	7000
3	4	3	2200
3	4	4	3000
3	4	54	530100
3	4	NA	511000
3	5	2	2100
3	5	3	6800
3	5	4	2200
3	5	5	3000
3	5	55	525900
3	5	NA	506100
3	6	2	9300
3	6	3	2100
3	6	4	6800
3	6	5	2200
3	6	6	3000
3	6	56	524500
3	6	NA	505800
3	7	2	1700
3	7	3	9300
3	7	4	2100
3	7	5	6800
3	7	6	2200
3	7	7	3000
3	7	57	523700
3	7	NA	505500
3	8	2	1100
3	8	3	1700
3	8	4	9300
3	8	5	2100
3	8	6	6800
3	8	7	2200
3	8	8	2900
3	8	58	521900
3	8	NA	502900
3	9	2	4500
3	9	3	1100
3	9	4	1700
3	9	5	9200
3	9	6	2100
3	9	7	6800
3	9	8	2200
3	9	9	2900
3	9	59	517800
3	9	NA	499500
3	10	2	7500
3	10	3	4500
3	10	4	1100
3	10	5	1700
3	10	6	9200
3	10	7	2100
3	10	8	6800
3	10	9	2200
3	10	10	2900
3	10	60	517300
3	10	NA	498700
3	11	2	1400
3	11	3	7500
3	11	4	4500
3	11	5	1100
3	11	6	1700
3	11	7	9200
3	11	8	2100
3	11	9	6800
3	11	10	2200
3	11	11	2900
3	11	61	516500
3	11	NA	497800
3	12	2	1700
3	12	3	1400
3	12	4	7500
3	12	5	4500
3	12	6	1100
3	12	7	1700
3	12	8	9100
3	12	9	2100
3	12	10	6700
3	12	11	2200
3	12	12	2900
3	12	62	515700
3	12	NA	496500
3	13	2	2300
3	13	3	1700
3	13	4	1400
3	13	5	7500
3	13	6	4500
3	13	7	1100
3	13	8	1700
3	13	9	9100
3	13	10	2100
3	13	11	6700
3	13	12	2200
3	13	13	2900
3	13	63	513600
3	13	NA	494500
3	14	2	3900
3	14	3	2300
3	14	4	1700
3	14	5	1400
3	14	6	7300
3	14	7	4500
3	14	8	1100
3	14	9	1700
3	14	10	9100
3	14	11	2100
3	14	12	6700
3	14	13	2200
3	14	14	2900
3	14	64	511400
3	14	NA	491500
3	15	2	5500
3	15	3	3800
3	15	4	2300
3	15	5	1700
3	15	6	1400
3	15	7	7300
3	15	8	4500
3	15	9	1100
3	15	10	1700
3	15	11	9100
3	15	12	2100
3	15	13	6700
3	15	14	2200
3	15	15	2900
3	15	65	508800
3	15	NA	489400
3	16	2	4900
3	16	3	5500
3	16	4	3800
3	16	5	2300
3	16	6	1700
3	16	7	1400
3	16	8	7300
3	16	9	4500
3	16	10	1100
3	16	11	1700
3	16	12	9100
3	16	13	2100
3	16	14	6700
3	16	15	2200
3	16	16	2900
3	16	66	508200
3	16	NA	488900
3	17	2	1100
3	17	3	4900
3	17	4	5500
3	17	5	3800
3	17	6	2300
3	17	7	1700
3	17	8	1400
3	17	9	7300
3	17	10	4500
3	17	11	1100
3	17	12	1700
3	17	13	9100
3	17	14	2100
3	17	15	6700
3	17	16	2200
3	17	17	2900
3	17	67	507600
3	17	NA	488600
3	18	2	900
3	18	3	1100
3	18	4	4900
3	18	5	5500
3	18	6	3800
3	18	7	2300
3	18	8	1700
3	18	9	1400
3	18	10	7300
3	18	11	4500
3	18	12	1100
3	18	13	1700
3	18	14	9100
3	18	15	1900
3	18	16	6700
3	18	17	2200
3	18	18	2900
3	18	68	506700
3	18	NA	487900
3	19	2	1800
3	19	3	900
3	19	4	1100
3	19	5	4900
3	19	6	5500
3	19	7	3800
3	19	8	2300
3	19	9	1700
3	19	10	1400
3	19	11	7300
3	19	12	4500
3	19	13	1100
3	19	14	1700
3	19	15	9100
3	19	16	1900
3	19	17	6600
3	19	18	2200
3	19	19	2900
3	19	69	504300
3	19	NA	485900
3	20	2	4500
3	20	3	1800
3	20	4	900
3	20	5	1100
3	20	6	4900
3	20	7	5300
3	20	8	3800
3	20	9	2300
3	20	10	1700
3	20	11	1400
3	20	12	7300
3	20	13	4400
3	20	14	1100
3	20	15	1700
3	20	16	9100
3	20	17	1900
3	20	18	6600
3	20	19	2200
3	20	20	2900
3	20	70	502900
3	20	NA	484300
4	1	51	530300
4	1	NA	509400
4	2	2	15700
4	2	52	529500
4	2	NA	508400
4	3	2	1800
4	3	3	15700
4	3	53	528600
4	3	NA	508000
4	4	2	1300
4	4	3	1800
4	4	4	15600
4	4	54	528300
4	4	NA	507500
4	5	2	900
4	5	3	1300
4	5	4	1800
4	5	5	15600
4	5	55	528000
4	5	NA	507400
4	6	2	400
4	6	3	900
4	6	4	1300
4	6	5	1800
4	6	6	15500
4	6	56	525600
4	6	NA	504400
4	7	2	5500
4	7	3	400
4	7	4	900
4	7	5	1300
4	7	6	1700
4	7	7	15500
4	7	57	522000
4	7	NA	500300
4	8	2	7800
4	8	3	5200
4	8	4	400
4	8	5	900
4	8	6	1300
4	8	7	1700
4	8	8	15300
4	8	58	517800
4	8	NA	496500
4	9	2	8400
4	9	3	7500
4	9	4	5100
4	9	5	400
4	9	6	900
4	9	7	1300
4	9	8	1700
4	9	9	15200
4	9	59	513600
4	9	NA	493300
4	10	2	8000
4	10	3	8400
4	10	4	7500
4	10	5	5000
4	10	6	400
4	10	7	900
4	10	8	1300
4	10	9	1700
4	10	10	15200
4	10	60	512600
4	10	NA	491900
4	11	2	2500
4	11	3	7800
4	11	4	8400
4	11	5	7500
4	11	6	5000
4	11	7	400
4	11	8	900
4	11	9	1300
4	11	10	1700
4	11	11	15200
4	11	61	511800
4	11	NA	491000
4	12	2	1900
4	12	3	2500
4	12	4	7800
4	12	5	8400
4	12	6	7500
4	12	7	5000
4	12	8	400
4	12	9	900
4	12	10	1300
4	12	11	1700
4	12	12	15200
4	12	62	510700
4	12	NA	490200
4	13	2	1900
4	13	3	1800
4	13	4	2500
4	13	5	7800
4	13	6	8400
4	13	7	7200
4	13	8	5000
4	13	9	400
4	13	10	900
4	13	11	1300
4	13	12	1700
4	13	13	15200
4	13	63	509200
4	13	NA	488200
4	14	2	3800
4	14	3	1900
4	14	4	1800
4	14	5	2500
4	14	6	7800
4	14	7	8400
4	14	8	7200
4	14	9	5000
4	14	10	400
4	14	11	800
4	14	12	1300
4	14	13	1700
4	14	14	15200
4	14	64	507900
4	14	NA	487100
4	15	2	2600
4	15	3	3800
4	15	4	1900
4	15	5	1800
4	15	6	2500
4	15	7	7800
4	15	8	8400
4	15	9	7200
4	15	10	5000
4	15	11	400
4	15	12	800
4	15	13	1300
4	15	14	1700
4	15	15	15200
4	15	65	507900
4	15	NA	486600
4	16	2	500
4	16	3	2600
4	16	4	3700
4	16	5	1900
4	16	6	1800
4	16	7	2400
4	16	8	7600
4	16	9	8000
4	16	10	7200
4	16	11	4900
4	16	12	400
4	16	13	800
4	16	14	1200
4	16	15	1700
4	16	16	14900
4	16	66	496000
4	16	NA	477800
4	17	2	21900
4	17	3	500
4	17	4	2400
4	17	5	3700
4	17	6	1900
4	17	7	1800
4	17	8	2400
4	17	9	7500
4	17	10	8000
4	17	11	7100
4	17	12	4900
4	17	13	400
4	17	14	800
4	17	15	1200
4	17	16	1700
4	17	17	14900
4	17	67	495200
4	17	NA	476900
4	18	2	2200
4	18	3	21900
4	18	4	500
4	18	5	2300
4	18	6	3700
4	18	7	1900
4	18	8	1800
4	18	9	2400
4	18	10	7500
4	18	11	8000
4	18	12	7100
4	18	13	4900
4	18	14	400
4	18	15	800
4	18	16	1200
4	18	17	1700
4	18	18	14900
4	18	68	494200
4	18	NA	476000
4	19	2	2000
4	19	3	2200
4	19	4	21800
4	19	5	500
4	19	6	2300
4	19	7	3700
4	19	8	1800
4	19	9	1700
4	19	10	2400
4	19	11	7500
4	19	12	7900
4	19	13	7100
4	19	14	4900
4	19	15	400
4	19	16	800
4	19	17	1200
4	19	18	1700
4	19	19	14900
4	19	69	489900
4	19	NA	472000
4	20	2	8600
4	20	3	2000
4	20	4	2200
4	20	5	21800
4	20	6	500
4	20	7	2300
4	20	8	3700
4	20	9	1700
4	20	10	1700
4	20	11	2400
4	20	12	7500
4	20	13	7900
4	20	14	6900
4	20	15	4800
4	20	16	400
4	20	17	800
4	20	18	1200
4	20	19	1700
4	20	20	14900
4	20	70	486000
4	20	NA	468900
5	1	51	536400
5	1	NA	515000
5	2	2	4000
5	2	52	535400
5	2	NA	513600
5	3	2	2200
5	3	3	4000
5	3	53	533300
5	3	NA	512300
5	4	2	3600
5	4	3	2200
5	4	4	4000
5	4	54	532600
5	4	NA	511100
5	5	2	1900
5	5	3	3600
5	5	4	2200
5	5	5	4000
5	5	55	531300
5	5	NA	508300
5	6	2	4100
5	6	3	1900
5	6	4	3500
5	6	5	2200
5	6	6	4000
5	6	56	529500
5	6	NA	505500
5	7	2	4600
5	7	3	4100
5	7	4	1700
5	7	5	3500
5	7	6	2200
5	7	7	4000
5	7	57	524800
5	7	NA	501200
5	8	2	9300
5	8	3	4500
5	8	4	4100
5	8	5	1700
5	8	6	3500
5	8	7	2200
5	8	8	3900
5	8	58	523600
5	8	NA	499600
5	9	2	3000
5	9	3	9300
5	9	4	4500
5	9	5	4100
5	9	6	1700
5	9	7	3500
5	9	8	2200
5	9	9	3900
5	9	59	521400
5	9	NA	497700
5	10	2	4100
5	10	3	3000
5	10	4	9100
5	10	5	4400
5	10	6	4000
5	10	7	1600
5	10	8	3500
5	10	9	2200
5	10	10	3900
5	10	60	516300
5	10	NA	493400
5	11	2	9900
5	11	3	4100
5	11	4	3000
5	11	5	9000
5	11	6	4400
5	11	7	4000
5	11	8	1600
5	11	9	3400
5	11	10	2200
5	11	11	3900
5	11	61	512200
5	11	NA	490600
5	12	2	7100
5	12	3	9700
5	12	4	4100
5	12	5	3000
5	12	6	9000
5	12	7	4400
5	12	8	3800
5	12	9	1600
5	12	10	3400
5	12	11	2200
5	12	12	3900
5	12	62	510100
5	12	NA	487300
5	13	2	5800
5	13	3	7000
5	13	4	9400
5	13	5	4100
5	13	6	3000
5	13	7	9000
5	13	8	4400
5	13	9	3800
5	13	10	1600
5	13	11	3400
5	13	12	2200
5	13	13	3900
5	13	63	507800
5	13	NA	485700
5	14	2	4300
5	14	3	5800
5	14	4	7000
5	14	5	9400
5	14	6	4100
5	14	7	3000
5	14	8	9000
5	14	9	4400
5	14	10	3800
5	14	11	1600
5	14	12	3400
5	14	13	2200
5	14	14	3900
5	14	64	505900
5	14	NA	484500
5	15	2	3100
5	15	3	4300
5	15	4	5800
5	15	5	7000
5	15	6	9400
5	15	7	4000
5	15	8	3000
5	15	9	9000
5	15	10	4300
5	15	11	3800
5	15	12	1600
5	15	13	3300
5	15	14	2200
5	15	15	3900
5	15	65	503400
5	15	NA	482800
5	16	2	4500
5	16	3	3100
5	16	4	4200
5	16	5	5600
5	16	6	7000
5	16	7	9400
5	16	8	4000
5	16	9	3000
5	16	10	8900
5	16	11	4300
5	16	12	3800
5	16	13	1600
5	16	14	3300
5	16	15	2200
5	16	16	3900
5	16	66	501600
5	16	NA	480600
5	17	2	4400
5	17	3	4500
5	17	4	3000
5	17	5	4200
5	17	6	5500
5	17	7	7000
5	17	8	9400
5	17	9	4000
5	17	10	3000
5	17	11	8900
5	17	12	4300
5	17	13	3800
5	17	14	1600
5	17	15	3300
5	17	16	2200
5	17	17	3900
5	17	67	501300
5	17	NA	480200
5	18	2	900
5	18	3	4400
5	18	4	4500
5	18	5	3000
5	18	6	4100
5	18	7	5500
5	18	8	7000
5	18	9	9300
5	18	10	4000
5	18	11	3000
5	18	12	8900
5	18	13	4300
5	18	14	3800
5	18	15	1600
5	18	16	3300
5	18	17	2200
5	18	18	3900
5	18	68	500600
5	18	NA	479400
5	19	2	1700
5	19	3	900
5	19	4	4400
5	19	5	4500
5	19	6	3000
5	19	7	4100
5	19	8	5500
5	19	9	7000
5	19	10	9300
5	19	11	4000
5	19	12	3000
5	19	13	8900
5	19	14	4300
5	19	15	3700
5	19	16	1600
5	19	17	3200
5	19	18	2200
5	19	19	3900
5	19	69	496100
5	19	NA	474400
5	20	2	9600
5	20	3	1600
5	20	4	900
5	20	5	4400
5	20	6	4500
5	20	7	2900
5	20	8	4100
5	20	9	5500
5	20	10	7000
5	20	11	9300
5	20	12	4000
5	20	13	3000
5	20	14	8800
5	20	15	4200
5	20	16	3700
5	20	17	1600
5	20	18	3200
5	20	19	2200
5	20	20	3900
5	20	70	495000
5	20	NA	473300
6	1	51	537100
6	1	NA	515600
6	2	2	2700
6	2	52	536100
6	2	NA	514700
6	3	2	1900
6	3	3	2700
6	3	53	535300
6	3	NA	514200
6	4	2	1300
6	4	3	1900
6	4	4	2700
6	4	54	533200
6	4	NA	512100
6	5	2	4200
6	5	3	1300
6	5	4	1900
6	5	5	2700
6	5	55	532100
6	5	NA	511900
6	6	2	1300
6	6	3	4200
6	6	4	1300
6	6	5	1900
6	6	6	2700
6	6	56	531500
6	6	NA	511200
6	7	2	1300
6	7	3	1300
6	7	4	4100
6	7	5	1300
6	7	6	1900
6	7	7	2700
6	7	57	530100
6	7	NA	508900
6	8	2	3800
6	8	3	1300
6	8	4	1200
6	8	5	4100
6	8	6	1300
6	8	7	1900
6	8	8	2700
6	8	58	523300
6	8	NA	503700
6	9	2	11900
6	9	3	3800
6	9	4	1300
6	9	5	1200
6	9	6	4100
6	9	7	1300
6	9	8	1900
6	9	9	2700
6	9	59	520800
6	9	NA	502300
6	10	2	4100
6	10	3	11900
6	10	4	3800
6	10	5	1300
6	10	6	1200
6	10	7	4100
6	10	8	1300
6	10	9	1900
6	10	10	2700
6	10	60	519600
6	10	NA	501400
6	11	2	2100
6	11	3	4100
6	11	4	11900
6	11	5	3800
6	11	6	1300
6	11	7	1200
6	11	8	4100
6	11	9	1300
6	11	10	1900
6	11	11	2700
6	11	61	517700
6	11	NA	499900
6	12	2	3400
6	12	3	1900
6	12	4	4100
6	12	5	11700
6	12	6	3600
6	12	7	1300
6	12	8	1100
6	12	9	4100
6	12	10	1300
6	12	11	1900
6	12	12	2600
6	12	62	507100
6	12	NA	490300
6	13	2	20600
6	13	3	3400
6	13	4	1900
6	13	5	4100
6	13	6	11500
6	13	7	3500
6	13	8	1300
6	13	9	1100
6	13	10	4100
6	13	11	1300
6	13	12	1800
6	13	13	2600
6	13	63	504100
6	13	NA	488200
6	14	2	5900
6	14	3	20600
6	14	4	3400
6	14	5	1900
6	14	6	4100
6	14	7	11500
6	14	8	3500
6	14	9	1300
6	14	10	1100
6	14	11	4100
6	14	12	1300
6	14	13	1800
6	14	14	2600
6	14	64	502900
6	14	NA	487000
6	15	2	2400
6	15	3	5900
6	15	4	20600
6	15	5	3400
6	15	6	1900
6	15	7	4100
6	15	8	11500
6	15	9	3500
6	15	10	1300
6	15	11	1100
6	15	12	4100
6	15	13	1300
6	15	14	1800
6	15	15	2600
6	15	65	502100
6	15	NA	486500
6	16	2	1300
6	16	3	2400
6	16	4	5900
6	16	5	20600
6	16	6	3400
6	16	7	1900
6	16	8	4100
6	16	9	11400
6	16	10	3500
6	16	11	1300
6	16	12	1100
6	16	13	4100
6	16	14	1200
6	16	15	1800
6	16	16	2600
6	16	66	500700
6	16	NA	484500
6	17	2	3600
6	17	3	1300
6	17	4	2400
6	17	5	5900
6	17	6	20600
6	17	7	3400
6	17	8	1900
6	17	9	4100
6	17	10	11400
6	17	11	3500
6	17	12	1300
6	17	13	1100
6	17	14	4100
6	17	15	1200
6	17	16	1800
6	17	17	2600
6	17	67	499300
6	17	NA	483100
6	18	2	2800
6	18	3	3600
6	18	4	1300
6	18	5	2400
6	18	6	5900
6	18	7	20600
6	18	8	3400
6	18	9	1900
6	18	10	4100
6	18	11	11400
6	18	12	3500
6	18	13	1300
6	18	14	1100
6	18	15	4100
6	18	16	1200
6	18	17	1800
6	18	18	2600
6	18	68	498800
6	18	NA	482000
6	19	2	1600
6	19	3	2800
6	19	4	3600
6	19	5	1300
6	19	6	2400
6	19	7	5900
6	19	8	20500
6	19	9	3400
6	19	10	1900
6	19	11	4100
6	19	12	11400
6	19	13	3500
6	19	14	1300
6	19	15	1100
6	19	16	4100
6	19	17	1200
6	19	18	1800
6	19	19	2600
6	19	69	497000
6	19	NA	480800
6	20	2	3000
6	20	3	1600
6	20	4	2800
6	20	5	3600
6	20	6	1300
6	20	7	2400
6	20	8	5900
6	20	9	20300
6	20	10	3400
6	20	11	1900
6	20	12	4100
6	20	13	11400
6	20	14	3500
6	20	15	1300
6	20	16	1100
6	20	17	3900
6	20	18	1200
6	20	19	1800
6	20	20	2600
6	20	70	496100
6	20	NA	479300
7	1	51	537100
7	1	NA	516400
7	2	2	1900
7	2	52	536100
7	2	NA	515700
7	3	2	1700
7	3	3	1900
7	3	53	533800
7	3	NA	514600
7	4	2	3300
7	4	3	1600
7	4	4	1700
7	4	54	522400
7	4	NA	504300
7	5	2	21800
7	5	3	3200
7	5	4	1600
7	5	5	1700
7	5	55	516900
7	5	NA	498600
7	6	2	11600
7	6	3	21800
7	6	4	3200
7	6	5	1600
7	6	6	1700
7	6	56	513000
7	6	NA	493800
7	7	2	8700
7	7	3	11300
7	7	4	21300
7	7	5	3200
7	7	6	1600
7	7	7	1700
7	7	57	508200
7	7	NA	490500
7	8	2	8800
7	8	3	8600
7	8	4	11200
7	8	5	21000
7	8	6	3200
7	8	7	1600
7	8	8	1600
7	8	58	504300
7	8	NA	486700
7	9	2	8400
7	9	3	8800
7	9	4	8600
7	9	5	11200
7	9	6	21000
7	9	7	3200
7	9	8	1600
7	9	9	1600
7	9	59	503200
7	9	NA	485200
7	10	2	2600
7	10	3	8400
7	10	4	8700
7	10	5	8600
7	10	6	11100
7	10	7	21000
7	10	8	3200
7	10	9	1600
7	10	10	1600
7	10	60	502200
7	10	NA	483700
7	11	2	2700
7	11	3	2600
7	11	4	8100
7	11	5	8600
7	11	6	8600
7	11	7	11000
7	11	8	20700
7	11	9	3100
7	11	10	1600
7	11	11	1500
7	11	61	493100
7	11	NA	473100
7	12	2	20600
7	12	3	2700
7	12	4	2600
7	12	5	8000
7	12	6	8600
7	12	7	8600
7	12	8	11000
7	12	9	20500
7	12	10	3000
7	12	11	1600
7	12	12	1400
7	12	62	490600
7	12	NA	471300
7	13	2	4900
7	13	3	20500
7	13	4	2700
7	13	5	2600
7	13	6	8000
7	13	7	8600
7	13	8	8600
7	13	9	11000
7	13	10	20500
7	13	11	3000
7	13	12	1600
7	13	13	1400
7	13	63	489100
7	13	NA	469700
7	14	2	3100
7	14	3	4900
7	14	4	20200
7	14	5	2700
7	14	6	2500
7	14	7	8000
7	14	8	8500
7	14	9	8500
7	14	10	10900
7	14	11	20300
7	14	12	3000
7	14	13	1600
7	14	14	1400
7	14	64	483800
7	14	NA	465500
7	15	2	10500
7	15	3	3100
7	15	4	4900
7	15	5	20200
7	15	6	2700
7	15	7	2500
7	15	8	8000
7	15	9	8500
7	15	10	8500
7	15	11	10800
7	15	12	20300
7	15	13	3000
7	15	14	1600
7	15	15	1300
7	15	65	481500
7	15	NA	463300
7	16	2	4700
7	16	3	10500
7	16	4	3100
7	16	5	4900
7	16	6	20200
7	16	7	2700
7	16	8	2500
7	16	9	8000
7	16	10	8500
7	16	11	8200
7	16	12	10600
7	16	13	20300
7	16	14	3000
7	16	15	1600
7	16	16	1300
7	16	66	477700
7	16	NA	460700
7	17	2	6700
7	17	3	4700
7	17	4	10300
7	17	5	3000
7	17	6	4900
7	17	7	20000
7	17	8	2700
7	17	9	2500
7	17	10	8000
7	17	11	8300
7	17	12	8100
7	17	13	10500
7	17	14	20100
7	17	15	3000
7	17	16	1600
7	17	17	1300
7	17	67	472300
7	17	NA	454500
7	18	2	12800
7	18	3	6500
7	18	4	4700
7	18	5	10200
7	18	6	3000
7	18	7	4900
7	18	8	20000
7	18	9	2700
7	18	10	2500
7	18	11	8000
7	18	12	8300
7	18	13	8000
7	18	14	10500
7	18	15	20000
7	18	16	2900
7	18	17	1600
7	18	18	1300
7	18	68	470500
7	18	NA	453300
7	19	2	3700
7	19	3	12800
7	19	4	6500
7	19	5	4700
7	19	6	10200
7	19	7	3000
7	19	8	4900
7	19	9	20000
7	19	10	2700
7	19	11	2500
7	19	12	8000
7	19	13	8300
7	19	14	7900
7	19	15	10500
7	19	16	20000
7	19	17	2900
7	19	18	1600
7	19	19	1300
7	19	69	470200
7	19	NA	453200
7	20	2	500
7	20	3	3700
7	20	4	12700
7	20	5	6500
7	20	6	4700
7	20	7	10200
7	20	8	3000
7	20	9	4900
7	20	10	20000
7	20	11	2700
7	20	12	2500
7	20	13	8000
7	20	14	8300
7	20	15	7800
7	20	16	10500
7	20	17	19900
7	20	18	2900
7	20	19	1600
7	20	20	1300
7	20	70	468200
7	20	NA	451900
8	1	51	535000
8	1	NA	514000
8	2	2	6400
8	2	52	532300
8	2	NA	512000
8	3	2	4700
8	3	3	6300
8	3	53	530400
8	3	NA	509700
8	4	2	4300
8	4	3	4700
8	4	4	6300
8	4	54	529300
8	4	NA	508800
8	5	2	2000
8	5	3	4300
8	5	4	4700
8	5	5	6300
8	5	55	529000
8	5	NA	508200
8	6	2	800
8	6	3	2000
8	6	4	4100
8	6	5	4700
8	6	6	6200
8	6	56	517400
8	6	NA	495700
8	7	2	24500
8	7	3	800
8	7	4	2000
8	7	5	4100
8	7	6	4700
8	7	7	6200
8	7	57	516500
8	7	NA	495000
8	8	2	1600
8	8	3	24400
8	8	4	800
8	8	5	2000
8	8	6	4100
8	8	7	4700
8	8	8	6100
8	8	58	514500
8	8	NA	491800
8	9	2	5400
8	9	3	1600
8	9	4	24400
8	9	5	800
8	9	6	2000
8	9	7	4100
8	9	8	4700
8	9	9	6000
8	9	59	513600
8	9	NA	491000
8	10	2	1800
8	10	3	5400
8	10	4	1600
8	10	5	24300
8	10	6	800
8	10	7	2000
8	10	8	4000
8	10	9	4700
8	10	10	6000
8	10	60	511200
8	10	NA	488500
8	11	2	5100
8	11	3	1800
8	11	4	5400
8	11	5	1600
8	11	6	24200
8	11	7	800
8	11	8	2000
8	11	9	4000
8	11	10	4700
8	11	11	6000
8	11	61	510700
8	11	NA	487500
8	12	2	1600
8	12	3	5100
8	12	4	1800
8	12	5	5300
8	12	6	1600
8	12	7	23800
8	12	8	700
8	12	9	2000
8	12	10	4000
8	12	11	4700
8	12	12	6000
8	12	62	507800
8	12	NA	483900
8	13	2	7100
8	13	3	1600
8	13	4	5100
8	13	5	1800
8	13	6	5200
8	13	7	1600
8	13	8	23700
8	13	9	700
8	13	10	2000
8	13	11	4000
8	13	12	4700
8	13	13	6000
8	13	63	506800
8	13	NA	483300
8	14	2	1800
8	14	3	7100
8	14	4	1500
8	14	5	5000
8	14	6	1700
8	14	7	5200
8	14	8	1600
8	14	9	23600
8	14	10	700
8	14	11	1900
8	14	12	4000
8	14	13	4700
8	14	14	5900
8	14	64	504900
8	14	NA	481200
8	15	2	4500
8	15	3	1800
8	15	4	7100
8	15	5	1500
8	15	6	5000
8	15	7	1700
8	15	8	5200
8	15	9	1600
8	15	10	23300
8	15	11	700
8	15	12	1900
8	15	13	4000
8	15	14	4700
8	15	15	5800
8	15	65	500700
8	15	NA	477700
8	16	2	8200
8	16	3	4500
8	16	4	1800
8	16	5	7100
8	16	6	1400
8	16	7	5000
8	16	8	1700
8	16	9	5200
8	16	10	1600
8	16	11	23300
8	16	12	700
8	16	13	1800
8	16	14	4000
8	16	15	4700
8	16	16	5800
8	16	66	496000
8	16	NA	473000
8	17	2	9200
8	17	3	8100
8	17	4	4400
8	17	5	1800
8	17	6	7000
8	17	7	1400
8	17	8	5000
8	17	9	1700
8	17	10	5200
8	17	11	1600
8	17	12	23300
8	17	13	700
8	17	14	1800
8	17	15	4000
8	17	16	4500
8	17	17	5700
8	17	67	490000
8	17	NA	466800
8	18	2	13200
8	18	3	9200
8	18	4	8100
8	18	5	4400
8	18	6	1800
8	18	7	7000
8	18	8	1400
8	18	9	5000
8	18	10	1600
8	18	11	5200
8	18	12	1600
8	18	13	23000
8	18	14	700
8	18	15	1800
8	18	16	3900
8	18	17	4500
8	18	18	5700
8	18	68	488300
8	18	NA	465500
8	19	2	3500
8	19	3	13100
8	19	4	9100
8	19	5	8100
8	19	6	4300
8	19	7	1800
8	19	8	6900
8	19	9	1300
8	19	10	5000
8	19	11	1600
8	19	12	5200
8	19	13	1600
8	19	14	23000
8	19	15	700
8	19	16	1800
8	19	17	3900
8	19	18	4400
8	19	19	5700
8	19	69	486200
8	19	NA	464000
8	20	2	4200
8	20	3	3400
8	20	4	12900
8	20	5	9000
8	20	6	8000
8	20	7	4300
8	20	8	1700
8	20	9	6700
8	20	10	1300
8	20	11	4800
8	20	12	1600
8	20	13	5000
8	20	14	1500
8	20	15	22000
8	20	16	700
8	20	17	1800
8	20	18	3900
8	20	19	4400
8	20	20	5500
8	20	70	477100
8	20	NA	455200
9	1	51	536000
9	1	NA	513700
9	2	2	5700
9	2	52	532900
9	2	NA	509000
9	3	2	7800
9	3	3	5700
9	3	53	532500
9	3	NA	508600
9	4	2	800
9	4	3	7800
9	4	4	5700
9	4	54	531400
9	4	NA	507900
9	5	2	1800
9	5	3	800
9	5	4	7800
9	5	5	5700
9	5	55	529900
9	5	NA	506800
9	6	2	2600
9	6	3	1800
9	6	4	800
9	6	5	7800
9	6	6	5700
9	6	56	529400
9	6	NA	506500
9	7	2	800
9	7	3	2600
9	7	4	1800
9	7	5	800
9	7	6	7700
9	7	7	5700
9	7	57	527500
9	7	NA	504000
9	8	2	4500
9	8	3	800
9	8	4	2600
9	8	5	1800
9	8	6	800
9	8	7	7600
9	8	8	5700
9	8	58	525900
9	8	NA	501700
9	9	2	4000
9	9	3	4500
9	9	4	800
9	9	5	2600
9	9	6	1800
9	9	7	800
9	9	8	7600
9	9	9	5700
9	9	59	523800
9	9	NA	500200
9	10	2	3500
9	10	3	4000
9	10	4	4500
9	10	5	800
9	10	6	2600
9	10	7	1800
9	10	8	800
9	10	9	7600
9	10	10	5700
9	10	60	522300
9	10	NA	499500
9	11	2	2300
9	11	3	3500
9	11	4	4000
9	11	5	4500
9	11	6	800
9	11	7	2500
9	11	8	1800
9	11	9	700
9	11	10	7600
9	11	11	5700
9	11	61	520900
9	11	NA	498400
9	12	2	2700
9	12	3	2300
9	12	4	3400
9	12	5	3800
9	12	6	4500
9	12	7	800
9	12	8	2500
9	12	9	1800
9	12	10	700
9	12	11	7600
9	12	12	5700
9	12	62	519600
9	12	NA	497000
9	13	2	3000
9	13	3	2700
9	13	4	2200
9	13	5	3400
9	13	6	3800
9	13	7	4500
9	13	8	800
9	13	9	2500
9	13	10	1800
9	13	11	700
9	13	12	7600
9	13	13	5700
9	13	63	517900
9	13	NA	495800
9	14	2	3000
9	14	3	3000
9	14	4	2700
9	14	5	2200
9	14	6	3400
9	14	7	3800
9	14	8	4500
9	14	9	800
9	14	10	2500
9	14	11	1800
9	14	12	700
9	14	13	7600
9	14	14	5600
9	14	64	515800
9	14	NA	494100
9	15	2	3700
9	15	3	3000
9	15	4	3000
9	15	5	2700
9	15	6	2200
9	15	7	3300
9	15	8	3700
9	15	9	4500
9	15	10	800
9	15	11	2500
9	15	12	1800
9	15	13	700
9	15	14	7500
9	15	15	5600
9	15	65	513200
9	15	NA	492200
9	16	2	5000
9	16	3	3700
9	16	4	3000
9	16	5	3000
9	16	6	2700
9	16	7	2200
9	16	8	3300
9	16	9	3700
9	16	10	4500
9	16	11	800
9	16	12	2500
9	16	13	1800
9	16	14	700
9	16	15	7500
9	16	16	5600
9	16	66	512500
9	16	NA	491700
9	17	2	1200
9	17	3	5000
9	17	4	3700
9	17	5	3000
9	17	6	3000
9	17	7	2700
9	17	8	2200
9	17	9	3300
9	17	10	3700
9	17	11	4500
9	17	12	800
9	17	13	2500
9	17	14	1800
9	17	15	600
9	17	16	7500
9	17	17	5600
9	17	67	510600
9	17	NA	490700
9	18	2	3000
9	18	3	1200
9	18	4	5000
9	18	5	3700
9	18	6	3000
9	18	7	3000
9	18	8	2700
9	18	9	2200
9	18	10	3300
9	18	11	3700
9	18	12	4500
9	18	13	800
9	18	14	2500
9	18	15	1800
9	18	16	600
9	18	17	7500
9	18	18	5500
9	18	68	509700
9	18	NA	489300
9	19	2	2400
9	19	3	3000
9	19	4	1200
9	19	5	5000
9	19	6	3600
9	19	7	3000
9	19	8	3000
9	19	9	2700
9	19	10	2200
9	19	11	3300
9	19	12	3700
9	19	13	4500
9	19	14	800
9	19	15	2400
9	19	16	1800
9	19	17	600
9	19	18	7500
9	19	19	5500
9	19	69	505600
9	19	NA	484600
9	20	2	9000
9	20	3	2400
9	20	4	3000
9	20	5	1200
9	20	6	5000
9	20	7	3600
9	20	8	3000
9	20	9	3000
9	20	10	2700
9	20	11	2200
9	20	12	3300
9	20	13	3700
9	20	14	4500
9	20	15	800
9	20	16	2400
9	20	17	1800
9	20	18	600
9	20	19	7500
9	20	20	5500
9	20	70	504700
9	20	NA	483800
10	1	51	537500
10	1	NA	516800
10	2	2	1000
10	2	52	531200
10	2	NA	511200
10	3	2	12000
10	3	3	1000
10	3	53	530800
10	3	NA	510800
10	4	2	800
10	4	3	12000
10	4	4	1000
10	4	54	529600
10	4	NA	509900
10	5	2	2100
10	5	3	800
10	5	4	12000
10	5	5	1000
10	5	55	528300
10	5	NA	508500
10	6	2	2600
10	6	3	2100
10	6	4	800
10	6	5	12000
10	6	6	1000
10	6	56	526400
10	6	NA	507200
10	7	2	3300
10	7	3	2600
10	7	4	2000
10	7	5	800
10	7	6	12000
10	7	7	1000
10	7	57	522300
10	7	NA	504100
10	8	2	7300
10	8	3	3300
10	8	4	2600
10	8	5	2000
10	8	6	800
10	8	7	11400
10	8	8	1000
10	8	58	514200
10	8	NA	496600
10	9	2	16200
10	9	3	7300
10	9	4	3300
10	9	5	2600
10	9	6	2000
10	9	7	800
10	9	8	11400
10	9	9	1000
10	9	59	512500
10	9	NA	495500
10	10	2	2800
10	10	3	15900
10	10	4	7300
10	10	5	3300
10	10	6	2600
10	10	7	2000
10	10	8	800
10	10	9	11400
10	10	10	1000
10	10	60	510400
10	10	NA	492600
10	11	2	5300
10	11	3	2800
10	11	4	15900
10	11	5	7300
10	11	6	3300
10	11	7	2600
10	11	8	2000
10	11	9	800
10	11	10	11400
10	11	11	1000
10	11	61	509500
10	11	NA	491000
10	12	2	2500
10	12	3	5300
10	12	4	2800
10	12	5	15900
10	12	6	7300
10	12	7	3300
10	12	8	2600
10	12	9	2000
10	12	10	800
10	12	11	11400
10	12	12	1000
10	12	62	509300
10	12	NA	490800
10	13	2	400
10	13	3	2500
10	13	4	5300
10	13	5	2800
10	13	6	15800
10	13	7	7300
10	13	8	3300
10	13	9	2600
10	13	10	2000
10	13	11	800
10	13	12	11400
10	13	13	1000
10	13	63	506100
10	13	NA	487500
10	14	2	6600
10	14	3	400
10	14	4	2500
10	14	5	5300
10	14	6	2800
10	14	7	15800
10	14	8	7300
10	14	9	3300
10	14	10	2600
10	14	11	2000
10	14	12	800
10	14	13	11400
10	14	14	1000
10	14	64	505200
10	14	NA	486700
10	15	2	1700
10	15	3	6500
10	15	4	400
10	15	5	2500
10	15	6	5300
10	15	7	2800
10	15	8	15800
10	15	9	7100
10	15	10	3300
10	15	11	2600
10	15	12	2000
10	15	13	800
10	15	14	11400
10	15	15	1000
10	15	65	503900
10	15	NA	485200
10	16	2	3100
10	16	3	1700
10	16	4	6500
10	16	5	400
10	16	6	2500
10	16	7	5300
10	16	8	2800
10	16	9	15400
10	16	10	7000
10	16	11	3200
10	16	12	2500
10	16	13	2000
10	16	14	800
10	16	15	11400
10	16	16	1000
10	16	66	501500
10	16	NA	482200
10	17	2	6100
10	17	3	3100
10	17	4	1700
10	17	5	6500
10	17	6	400
10	17	7	2300
10	17	8	5300
10	17	9	2800
10	17	10	15400
10	17	11	7000
10	17	12	3200
10	17	13	2300
10	17	14	2000
10	17	15	800
10	17	16	11400
10	17	17	1000
10	17	67	498400
10	17	NA	478800
10	18	2	6900
10	18	3	6100
10	18	4	3100
10	18	5	1700
10	18	6	6500
10	18	7	400
10	18	8	2300
10	18	9	5300
10	18	10	2800
10	18	11	15400
10	18	12	7000
10	18	13	3200
10	18	14	2300
10	18	15	2000
10	18	16	800
10	18	17	11400
10	18	18	1000
10	18	68	497400
10	18	NA	478100
10	19	2	1700
10	19	3	6900
10	19	4	6100
10	19	5	3100
10	19	6	1700
10	19	7	6500
10	19	8	400
10	19	9	2300
10	19	10	5300
10	19	11	2800
10	19	12	15400
10	19	13	7000
10	19	14	3200
10	19	15	2300
10	19	16	2000
10	19	17	800
10	19	18	11400
10	19	19	1000
10	19	69	496300
10	19	NA	477500
10	20	2	1700
10	20	3	1700
10	20	4	6700
10	20	5	6100
10	20	6	3100
10	20	7	1700
10	20	8	6500
10	20	9	400
10	20	10	2200
10	20	11	5100
10	20	12	2700
10	20	13	15100
10	20	14	7000
10	20	15	3200
10	20	16	2100
10	20	17	2000
10	20	18	800
10	20	19	11400
10	20	20	1000
10	20	70	487200
10	20	NA	468700
11	1	51	537500
11	1	NA	516900
11	2	2	1000
11	2	52	536800
11	2	NA	516100
11	3	2	1500
11	3	3	1000
11	3	53	530200
11	3	NA	510900
11	4	2	11800
11	4	3	1500
11	4	4	1000
11	4	54	529800
11	4	NA	510500
11	5	2	800
11	5	3	11800
11	5	4	1500
11	5	5	1000
11	5	55	528400
11	5	NA	508200
11	6	2	3600
11	6	3	800
11	6	4	11600
11	6	5	1500
11	6	6	1000
11	6	56	522900
11	6	NA	504400
11	7	2	9600
11	7	3	3600
11	7	4	800
11	7	5	11400
11	7	6	1500
11	7	7	900
11	7	57	521000
11	7	NA	502600
11	8	2	4000
11	8	3	9600
11	8	4	3600
11	8	5	800
11	8	6	11400
11	8	7	1500
11	8	8	900
11	8	58	520300
11	8	NA	502200
11	9	2	1100
11	9	3	4000
11	9	4	9600
11	9	5	3600
11	9	6	800
11	9	7	11400
11	9	8	1500
11	9	9	900
11	9	59	517100
11	9	NA	499500
11	10	2	5900
11	10	3	1100
11	10	4	4000
11	10	5	9600
11	10	6	3600
11	10	7	800
11	10	8	11400
11	10	9	1500
11	10	10	900
11	10	60	515800
11	10	NA	499100
11	11	2	1700
11	11	3	5800
11	11	4	1100
11	11	5	4000
11	11	6	9500
11	11	7	3600
11	11	8	800
11	11	9	11400
11	11	10	1500
11	11	11	900
11	11	61	512200
11	11	NA	496400
11	12	2	6400
11	12	3	1700
11	12	4	5800
11	12	5	1100
11	12	6	4000
11	12	7	9500
11	12	8	3600
11	12	9	800
11	12	10	11300
11	12	11	1500
11	12	12	900
11	12	62	511300
11	12	NA	495400
11	13	2	2100
11	13	3	6400
11	13	4	1700
11	13	5	5800
11	13	6	1100
11	13	7	4000
11	13	8	9500
11	13	9	3600
11	13	10	800
11	13	11	11200
11	13	12	1500
11	13	13	900
11	13	63	510600
11	13	NA	494300
11	14	2	1900
11	14	3	2100
11	14	4	6000
11	14	5	1700
11	14	6	5700
11	14	7	1100
11	14	8	3900
11	14	9	9400
11	14	10	3600
11	14	11	800
11	14	12	11100
11	14	13	1500
11	14	14	900
11	14	64	507800
11	14	NA	492500
11	15	2	5400
11	15	3	1900
11	15	4	2100
11	15	5	6000
11	15	6	1700
11	15	7	5700
11	15	8	1100
11	15	9	3900
11	15	10	9400
11	15	11	3600
11	15	12	800
11	15	13	11000
11	15	14	1500
11	15	15	900
11	15	65	506600
11	15	NA	491600
11	16	2	2200
11	16	3	5400
11	16	4	1900
11	16	5	2100
11	16	6	6000
11	16	7	1700
11	16	8	5700
11	16	9	1100
11	16	10	3900
11	16	11	9400
11	16	12	3600
11	16	13	800
11	16	14	11000
11	16	15	1500
11	16	16	900
11	16	66	505500
11	16	NA	491000
11	17	2	1700
11	17	3	2200
11	17	4	5400
11	17	5	1900
11	17	6	2100
11	17	7	6000
11	17	8	1700
11	17	9	5700
11	17	10	1100
11	17	11	3900
11	17	12	9400
11	17	13	3600
11	17	14	800
11	17	15	11000
11	17	16	1500
11	17	17	900
11	17	67	505400
11	17	NA	490800
11	18	2	300
11	18	3	1600
11	18	4	2200
11	18	5	5400
11	18	6	1800
11	18	7	2000
11	18	8	5900
11	18	9	1700
11	18	10	5600
11	18	11	1100
11	18	12	3900
11	18	13	9400
11	18	14	3500
11	18	15	800
11	18	16	10900
11	18	17	1500
11	18	18	900
11	18	68	494500
11	18	NA	481200
11	19	2	21000
11	19	3	300
11	19	4	1600
11	19	5	2200
11	19	6	5300
11	19	7	1800
11	19	8	2000
11	19	9	5900
11	19	10	1700
11	19	11	5600
11	19	12	1100
11	19	13	3900
11	19	14	9300
11	19	15	3500
11	19	16	800
11	19	17	10800
11	19	18	1500
11	19	19	900
11	19	69	490400
11	19	NA	478200
11	20	2	7500
11	20	3	20400
11	20	4	300
11	20	5	1500
11	20	6	2200
11	20	7	5300
11	20	8	1800
11	20	9	2000
11	20	10	5900
11	20	11	1700
11	20	12	5600
11	20	13	1100
11	20	14	3900
11	20	15	9300
11	20	16	3500
11	20	17	800
11	20	18	10800
11	20	19	1500
11	20	20	900
11	20	70	487600
11	20	NA	475300
12	1	51	535200
12	1	NA	514800
12	2	2	5400
12	2	52	535000
12	2	NA	514600
12	3	2	400
12	3	3	5400
12	3	53	534200
12	3	NA	513600
12	4	2	1800
12	4	3	400
12	4	4	5300
12	4	54	526100
12	4	NA	505900
12	5	2	15800
12	5	3	1800
12	5	4	400
12	5	5	5300
12	5	55	524900
12	5	NA	504900
12	6	2	2300
12	6	3	15600
12	6	4	1800
12	6	5	400
12	6	6	5300
12	6	56	521000
12	6	NA	499600
12	7	2	9200
12	7	3	2300
12	7	4	15400
12	7	5	1800
12	7	6	400
12	7	7	5300
12	7	57	519200
12	7	NA	497400
12	8	2	4400
12	8	3	9200
12	8	4	2300
12	8	5	15400
12	8	6	1800
12	8	7	400
12	8	8	5300
12	8	58	519000
12	8	NA	497000
12	9	2	600
12	9	3	4400
12	9	4	9200
12	9	5	2300
12	9	6	15200
12	9	7	1800
12	9	8	400
12	9	9	5300
12	9	59	518400
12	9	NA	496800
12	10	2	1000
12	10	3	600
12	10	4	4400
12	10	5	9200
12	10	6	2300
12	10	7	15200
12	10	8	1800
12	10	9	400
12	10	10	5300
12	10	60	517600
12	10	NA	496200
12	11	2	1400
12	11	3	900
12	11	4	600
12	11	5	4400
12	11	6	9200
12	11	7	2300
12	11	8	15100
12	11	9	1800
12	11	10	400
12	11	11	5300
12	11	61	515200
12	11	NA	493600
12	12	2	5200
12	12	3	1400
12	12	4	900
12	12	5	600
12	12	6	4200
12	12	7	9200
12	12	8	2300
12	12	9	14600
12	12	10	1700
12	12	11	400
12	12	12	5100
12	12	62	506800
12	12	NA	485300
12	13	2	17700
12	13	3	5200
12	13	4	1400
12	13	5	900
12	13	6	600
12	13	7	4200
12	13	8	9200
12	13	9	2300
12	13	10	14600
12	13	11	1700
12	13	12	400
12	13	13	5100
12	13	63	506400
12	13	NA	484400
12	14	2	1300
12	14	3	17600
12	14	4	5200
12	14	5	1400
12	14	6	900
12	14	7	600
12	14	8	4200
12	14	9	9000
12	14	10	2300
12	14	11	14600
12	14	12	1700
12	14	13	400
12	14	14	5100
12	14	64	503100
12	14	NA	482200
12	15	2	5700
12	15	3	1300
12	15	4	17500
12	15	5	5200
12	15	6	1300
12	15	7	900
12	15	8	600
12	15	9	4200
12	15	10	9000
12	15	11	2300
12	15	12	14600
12	15	13	1700
12	15	14	400
12	15	15	5100
12	15	65	501900
12	15	NA	480800
12	16	2	2900
12	16	3	5700
12	16	4	1300
12	16	5	17500
12	16	6	5200
12	16	7	1200
12	16	8	900
12	16	9	600
12	16	10	4200
12	16	11	9000
12	16	12	2300
12	16	13	14600
12	16	14	1700
12	16	15	400
12	16	16	5100
12	16	66	501000
12	16	NA	480300
12	17	2	1500
12	17	3	2900
12	17	4	5400
12	17	5	1100
12	17	6	16400
12	17	7	5100
12	17	8	1200
12	17	9	900
12	17	10	600
12	17	11	4000
12	17	12	8900
12	17	13	2300
12	17	14	14200
12	17	15	1700
12	17	16	300
12	17	17	5000
12	17	67	490500
12	17	NA	471100
12	18	2	22200
12	18	3	1500
12	18	4	2800
12	18	5	5400
12	18	6	1000
12	18	7	16200
12	18	8	5100
12	18	9	1200
12	18	10	900
12	18	11	600
12	18	12	4000
12	18	13	8600
12	18	14	2200
12	18	15	14000
12	18	16	1600
12	18	17	300
12	18	18	5000
12	18	68	487100
12	18	NA	467500
12	19	2	8200
12	19	3	22100
12	19	4	1500
12	19	5	2800
12	19	6	5400
12	19	7	1000
12	19	8	16100
12	19	9	5100
12	19	10	1200
12	19	11	900
12	19	12	600
12	19	13	4000
12	19	14	8600
12	19	15	2200
12	19	16	14000
12	19	17	1600
12	19	18	300
12	19	19	5000
12	19	69	484900
12	19	NA	465700
12	20	2	4200
12	20	3	8200
12	20	4	22100
12	20	5	1400
12	20	6	2800
12	20	7	5400
12	20	8	1000
12	20	9	16000
12	20	10	5000
12	20	11	1200
12	20	12	900
12	20	13	600
12	20	14	4000
12	20	15	8600
12	20	16	2200
12	20	17	13900
12	20	18	1600
12	20	19	300
12	20	20	4900
12	20	70	481500
12	20	NA	463300
13	1	51	535100
13	1	NA	514200
13	2	2	6100
13	2	52	534700
13	2	NA	514000
13	3	2	600
13	3	3	6100
13	3	53	533900
13	3	NA	512300
13	4	2	2500
13	4	3	600
13	4	4	6100
13	4	54	533000
13	4	NA	511700
13	5	2	1500
13	5	3	2500
13	5	4	600
13	5	5	6100
13	5	55	532000
13	5	NA	509500
13	6	2	3200
13	6	3	1500
13	6	4	2500
13	6	5	600
13	6	6	6100
13	6	56	528500
13	6	NA	506900
13	7	2	6100
13	7	3	3200
13	7	4	1500
13	7	5	2500
13	7	6	600
13	7	7	6100
13	7	57	527000
13	7	NA	505300
13	8	2	3100
13	8	3	6100
13	8	4	3200
13	8	5	1500
13	8	6	2500
13	8	7	600
13	8	8	6100
13	8	58	525800
13	8	NA	504300
13	9	2	2200
13	9	3	3000
13	9	4	5900
13	9	5	3000
13	9	6	1500
13	9	7	2500
13	9	8	600
13	9	9	5800
13	9	59	516600
13	9	NA	496300
13	10	2	17900
13	10	3	2200
13	10	4	3000
13	10	5	5900
13	10	6	3000
13	10	7	1500
13	10	8	2500
13	10	9	600
13	10	10	5800
13	10	60	516200
13	10	NA	496200
13	11	2	600
13	11	3	17800
13	11	4	2200
13	11	5	3000
13	11	6	5700
13	11	7	3000
13	11	8	1500
13	11	9	2500
13	11	10	600
13	11	11	5800
13	11	61	514500
13	11	NA	494100
13	12	2	4000
13	12	3	600
13	12	4	17000
13	12	5	2200
13	12	6	2700
13	12	7	5400
13	12	8	2900
13	12	9	1500
13	12	10	2500
13	12	11	600
13	12	12	5600
13	12	62	507700
13	12	NA	485500
13	13	2	17200
13	13	3	4000
13	13	4	600
13	13	5	17000
13	13	6	2200
13	13	7	2700
13	13	8	5400
13	13	9	2900
13	13	10	1500
13	13	11	2500
13	13	12	600
13	13	13	5600
13	13	63	507100
13	13	NA	484700
13	14	2	1400
13	14	3	17100
13	14	4	4000
13	14	5	600
13	14	6	17000
13	14	7	2200
13	14	8	2700
13	14	9	5400
13	14	10	2900
13	14	11	1500
13	14	12	2500
13	14	13	600
13	14	14	5600
13	14	64	506600
13	14	NA	484100
13	15	2	1200
13	15	3	1400
13	15	4	17000
13	15	5	4000
13	15	6	600
13	15	7	16900
13	15	8	2200
13	15	9	2700
13	15	10	5400
13	15	11	2900
13	15	12	1500
13	15	13	2500
13	15	14	600
13	15	15	5600
13	15	65	505100
13	15	NA	483100
13	16	2	2700
13	16	3	1200
13	16	4	1400
13	16	5	17000
13	16	6	4000
13	16	7	600
13	16	8	16800
13	16	9	2200
13	16	10	2700
13	16	11	5400
13	16	12	2900
13	16	13	1500
13	16	14	2400
13	16	15	600
13	16	16	5600
13	16	66	503300
13	16	NA	482600
13	17	2	2400
13	17	3	2500
13	17	4	1200
13	17	5	1400
13	17	6	16900
13	17	7	4000
13	17	8	600
13	17	9	16800
13	17	10	2100
13	17	11	2700
13	17	12	5400
13	17	13	2900
13	17	14	1500
13	17	15	2400
13	17	16	600
13	17	17	5600
13	17	67	500500
13	17	NA	480100
13	18	2	5800
13	18	3	2400
13	18	4	2500
13	18	5	1200
13	18	6	1400
13	18	7	16900
13	18	8	4000
13	18	9	600
13	18	10	16800
13	18	11	2100
13	18	12	2700
13	18	13	5400
13	18	14	2900
13	18	15	1500
13	18	16	2300
13	18	17	600
13	18	18	5600
13	18	68	499200
13	18	NA	478800
13	19	2	2700
13	19	3	5800
13	19	4	2400
13	19	5	2500
13	19	6	1200
13	19	7	1400
13	19	8	16900
13	19	9	4000
13	19	10	600
13	19	11	16800
13	19	12	2100
13	19	13	2700
13	19	14	5400
13	19	15	2900
13	19	16	1500
13	19	17	2300
13	19	18	600
13	19	19	5600
13	19	69	497100
13	19	NA	477600
13	20	2	3300
13	20	3	2700
13	20	4	5800
13	20	5	2400
13	20	6	2500
13	20	7	1200
13	20	8	1400
13	20	9	16800
13	20	10	4000
13	20	11	600
13	20	12	16800
13	20	13	2100
13	20	14	2600
13	20	15	5400
13	20	16	2900
13	20	17	1500
13	20	18	2300
13	20	19	600
13	20	20	5500
13	20	70	495900
13	20	NA	477200
14	1	51	537900
14	1	NA	516700
14	2	2	800
14	2	52	536900
14	2	NA	516000
14	3	2	1700
14	3	3	800
14	3	53	535100
14	3	NA	512300
14	4	2	5500
14	4	3	1700
14	4	4	800
14	4	54	532500
14	4	NA	509500
14	5	2	5400
14	5	3	5500
14	5	4	1700
14	5	5	800
14	5	55	531600
14	5	NA	509200
14	6	2	1200
14	6	3	5400
14	6	4	5500
14	6	5	1700
14	6	6	800
14	6	56	530400
14	6	NA	508000
14	7	2	2400
14	7	3	1200
14	7	4	5400
14	7	5	5500
14	7	6	1700
14	7	7	800
14	7	57	526600
14	7	NA	505500
14	8	2	6300
14	8	3	2400
14	8	4	1200
14	8	5	5300
14	8	6	5400
14	8	7	1700
14	8	8	800
14	8	58	523700
14	8	NA	502000
14	9	2	6600
14	9	3	6300
14	9	4	2400
14	9	5	1200
14	9	6	5300
14	9	7	5400
14	9	8	1700
14	9	9	800
14	9	59	522300
14	9	NA	500400
14	10	2	3000
14	10	3	6600
14	10	4	6300
14	10	5	2400
14	10	6	1200
14	10	7	5300
14	10	8	5400
14	10	9	1700
14	10	10	800
14	10	60	520100
14	10	NA	496700
14	11	2	5900
14	11	3	3000
14	11	4	6600
14	11	5	6100
14	11	6	2400
14	11	7	1200
14	11	8	5200
14	11	9	5400
14	11	10	1700
14	11	11	800
14	11	61	519700
14	11	NA	495900
14	12	2	1500
14	12	3	5900
14	12	4	3000
14	12	5	6600
14	12	6	6100
14	12	7	2400
14	12	8	1200
14	12	9	5200
14	12	10	5200
14	12	11	1700
14	12	12	800
14	12	62	519300
14	12	NA	495600
14	13	2	900
14	13	3	1500
14	13	4	5900
14	13	5	3000
14	13	6	6600
14	13	7	6000
14	13	8	2400
14	13	9	1200
14	13	10	5200
14	13	11	5200
14	13	12	1700
14	13	13	800
14	13	63	518200
14	13	NA	494900
14	14	2	1800
14	14	3	900
14	14	4	1500
14	14	5	5900
14	14	6	3000
14	14	7	6600
14	14	8	6000
14	14	9	2400
14	14	10	1200
14	14	11	5200
14	14	12	5200
14	14	13	1700
14	14	14	800
14	14	64	517200
14	14	NA	493900
14	15	2	2100
14	15	3	1800
14	15	4	900
14	15	5	1500
14	15	6	5900
14	15	7	3000
14	15	8	6500
14	15	9	6000
14	15	10	2400
14	15	11	1200
14	15	12	5100
14	15	13	5200
14	15	14	1700
14	15	15	800
14	15	65	516400
14	15	NA	492500
14	16	2	2400
14	16	3	2100
14	16	4	1800
14	16	5	900
14	16	6	1500
14	16	7	5900
14	16	8	3000
14	16	9	6400
14	16	10	6000
14	16	11	2400
14	16	12	1200
14	16	13	5100
14	16	14	5100
14	16	15	1700
14	16	16	800
14	16	66	515300
14	16	NA	491500
14	17	2	2300
14	17	3	2400
14	17	4	2100
14	17	5	1800
14	17	6	900
14	17	7	1500
14	17	8	5900
14	17	9	3000
14	17	10	6400
14	17	11	5900
14	17	12	2400
14	17	13	1200
14	17	14	5000
14	17	15	5100
14	17	16	1700
14	17	17	800
14	17	67	512400
14	17	NA	487900
14	18	2	6300
14	18	3	2200
14	18	4	2400
14	18	5	2100
14	18	6	1800
14	18	7	900
14	18	8	1500
14	18	9	5800
14	18	10	3000
14	18	11	6400
14	18	12	5900
14	18	13	2300
14	18	14	1200
14	18	15	4900
14	18	16	5000
14	18	17	1600
14	18	18	700
14	18	68	502000
14	18	NA	480800
14	19	2	18500
14	19	3	6300
14	19	4	2200
14	19	5	2400
14	19	6	2100
14	19	7	1800
14	19	8	900
14	19	9	1500
14	19	10	5700
14	19	11	3000
14	19	12	6400
14	19	13	5800
14	19	14	2300
14	19	15	1200
14	19	16	4800
14	19	17	5000
14	19	18	1600
14	19	19	700
14	19	69	500500
14	19	NA	479100
14	20	2	3600
14	20	3	18500
14	20	4	6300
14	20	5	2200
14	20	6	2400
14	20	7	2100
14	20	8	1800
14	20	9	900
14	20	10	1500
14	20	11	5600
14	20	12	3000
14	20	13	6400
14	20	14	5800
14	20	15	2300
14	20	16	1200
14	20	17	4800
14	20	18	5000
14	20	19	1600
14	20	20	700
14	20	70	5e+05
14	20	NA	478500
15	1	51	537700
15	1	NA	515900
15	2	2	1800
15	2	52	531600
15	2	NA	512100
15	3	2	9900
15	3	3	1800
15	3	53	529500
15	3	NA	510800
15	4	2	3300
15	4	3	9900
15	4	4	1800
15	4	54	528200
15	4	NA	509000
15	5	2	3200
15	5	3	3300
15	5	4	9700
15	5	5	1800
15	5	55	526400
15	5	NA	508400
15	6	2	2500
15	6	3	3100
15	6	4	3300
15	6	5	9700
15	6	6	1800
15	6	56	522500
15	6	NA	506000
15	7	2	6300
15	7	3	2500
15	7	4	3100
15	7	5	3300
15	7	6	9700
15	7	7	1800
15	7	57	520800
15	7	NA	505200
15	8	2	2700
15	8	3	6300
15	8	4	2500
15	8	5	3100
15	8	6	3300
15	8	7	9700
15	8	8	1800
15	8	58	519900
15	8	NA	504100
15	9	2	2000
15	9	3	2700
15	9	4	6300
15	9	5	2500
15	9	6	3100
15	9	7	3300
15	9	8	9600
15	9	9	1800
15	9	59	518500
15	9	NA	502300
15	10	2	3300
15	10	3	2000
15	10	4	2700
15	10	5	6300
15	10	6	2500
15	10	7	3100
15	10	8	3300
15	10	9	9600
15	10	10	1800
15	10	60	517200
15	10	NA	501000
15	11	2	2600
15	11	3	3300
15	11	4	2000
15	11	5	2700
15	11	6	6300
15	11	7	2500
15	11	8	3100
15	11	9	3300
15	11	10	9600
15	11	11	1800
15	11	61	515500
15	11	NA	499600
15	12	2	3100
15	12	3	2600
15	12	4	3300
15	12	5	2000
15	12	6	2700
15	12	7	6100
15	12	8	2500
15	12	9	3100
15	12	10	3300
15	12	11	9600
15	12	12	1800
15	12	62	514800
15	12	NA	499100
15	13	2	1400
15	13	3	3100
15	13	4	2600
15	13	5	3300
15	13	6	2000
15	13	7	2700
15	13	8	6000
15	13	9	2500
15	13	10	3000
15	13	11	3300
15	13	12	9600
15	13	13	1800
15	13	63	512800
15	13	NA	497200
15	14	2	4000
15	14	3	1400
15	14	4	3100
15	14	5	2600
15	14	6	3200
15	14	7	2000
15	14	8	2700
15	14	9	6000
15	14	10	2500
15	14	11	3000
15	14	12	3300
15	14	13	9600
15	14	14	1800
15	14	64	510100
15	14	NA	495800
15	15	2	4300
15	15	3	4000
15	15	4	1400
15	15	5	3100
15	15	6	2600
15	15	7	3200
15	15	8	2000
15	15	9	2700
15	15	10	6000
15	15	11	2500
15	15	12	3000
15	15	13	3200
15	15	14	9600
15	15	15	1800
15	15	65	508600
15	15	NA	494600
15	16	2	2800
15	16	3	4300
15	16	4	4000
15	16	5	1400
15	16	6	3100
15	16	7	2500
15	16	8	3200
15	16	9	2000
15	16	10	2700
15	16	11	6000
15	16	12	2500
15	16	13	2900
15	16	14	3200
15	16	15	9500
15	16	16	1700
15	16	66	505200
15	16	NA	491800
15	17	2	6500
15	17	3	2800
15	17	4	4300
15	17	5	3900
15	17	6	1300
15	17	7	3100
15	17	8	2500
15	17	9	3100
15	17	10	2000
15	17	11	2700
15	17	12	6000
15	17	13	2400
15	17	14	2900
15	17	15	3200
15	17	16	9400
15	17	17	1700
15	17	67	501300
15	17	NA	487000
15	18	2	9300
15	18	3	6500
15	18	4	2800
15	18	5	4200
15	18	6	3900
15	18	7	1200
15	18	8	3100
15	18	9	2500
15	18	10	3100
15	18	11	2000
15	18	12	2700
15	18	13	6000
15	18	14	2400
15	18	15	2900
15	18	16	3200
15	18	17	9400
15	18	18	1700
15	18	68	5e+05
15	18	NA	485600
15	19	2	2900
15	19	3	9200
15	19	4	6400
15	19	5	2600
15	19	6	4100
15	19	7	3900
15	19	8	1200
15	19	9	2900
15	19	10	2500
15	19	11	3100
15	19	12	1900
15	19	13	2700
15	19	14	5800
15	19	15	2400
15	19	16	2900
15	19	17	3200
15	19	18	9100
15	19	19	1700
15	19	69	491500
15	19	NA	477900
15	20	2	17500
15	20	3	2900
15	20	4	9200
15	20	5	6400
15	20	6	2600
15	20	7	4100
15	20	8	3900
15	20	9	1200
15	20	10	2900
15	20	11	2500
15	20	12	3100
15	20	13	1900
15	20	14	2700
15	20	15	5800
15	20	16	2400
15	20	17	2900
15	20	18	3200
15	20	19	9100
15	20	20	1700
15	20	70	491200
15	20	NA	477600
16	1	51	534400
16	1	NA	512900
16	2	2	8100
16	2	52	532800
16	2	NA	511400
16	3	2	3100
16	3	3	8100
16	3	53	532300
16	3	NA	511100
16	4	2	800
16	4	3	3000
16	4	4	8000
16	4	54	528400
16	4	NA	507700
16	5	2	7500
16	5	3	800
16	5	4	3000
16	5	5	8000
16	5	55	525500
16	5	NA	505500
16	6	2	5000
16	6	3	7300
16	6	4	800
16	6	5	2900
16	6	6	8000
16	6	56	520100
16	6	NA	5e+05
16	7	2	11300
16	7	3	4900
16	7	4	7300
16	7	5	800
16	7	6	2900
16	7	7	8000
16	7	57	518400
16	7	NA	498900
16	8	2	2900
16	8	3	11200
16	8	4	4900
16	8	5	7300
16	8	6	800
16	8	7	2900
16	8	8	8000
16	8	58	517800
16	8	NA	497500
16	9	2	2100
16	9	3	2900
16	9	4	11200
16	9	5	4900
16	9	6	7300
16	9	7	800
16	9	8	2900
16	9	9	8000
16	9	59	517300
16	9	NA	497000
16	10	2	1000
16	10	3	2100
16	10	4	2900
16	10	5	11200
16	10	6	4900
16	10	7	7200
16	10	8	800
16	10	9	2800
16	10	10	7900
16	10	60	515200
16	10	NA	495100
16	11	2	4300
16	11	3	1000
16	11	4	2100
16	11	5	2900
16	11	6	11200
16	11	7	4800
16	11	8	7100
16	11	9	800
16	11	10	2800
16	11	11	7800
16	11	61	512200
16	11	NA	491700
16	12	2	6700
16	12	3	4300
16	12	4	1000
16	12	5	2100
16	12	6	2900
16	12	7	11000
16	12	8	4700
16	12	9	7000
16	12	10	800
16	12	11	2800
16	12	12	7700
16	12	62	507000
16	12	NA	486100
16	13	2	11300
16	13	3	6700
16	13	4	4300
16	13	5	1000
16	13	6	2100
16	13	7	2900
16	13	8	11000
16	13	9	4700
16	13	10	7000
16	13	11	800
16	13	12	2800
16	13	13	7700
16	13	63	506300
16	13	NA	485800
16	14	2	1000
16	14	3	11200
16	14	4	6700
16	14	5	4300
16	14	6	1000
16	14	7	2100
16	14	8	2900
16	14	9	11000
16	14	10	4700
16	14	11	7000
16	14	12	800
16	14	13	2800
16	14	14	7600
16	14	64	504500
16	14	NA	484400
16	15	2	3400
16	15	3	1000
16	15	4	11200
16	15	5	6700
16	15	6	4300
16	15	7	1000
16	15	8	2100
16	15	9	2900
16	15	10	11000
16	15	11	4700
16	15	12	7000
16	15	13	800
16	15	14	2800
16	15	15	7600
16	15	65	504000
16	15	NA	483900
16	16	2	1000
16	16	3	3400
16	16	4	1000
16	16	5	11200
16	16	6	6700
16	16	7	4300
16	16	8	1000
16	16	9	2100
16	16	10	2900
16	16	11	10900
16	16	12	4700
16	16	13	7000
16	16	14	800
16	16	15	2800
16	16	16	7600
16	16	66	503700
16	16	NA	483500
16	17	2	800
16	17	3	1000
16	17	4	3400
16	17	5	1000
16	17	6	11200
16	17	7	6700
16	17	8	4300
16	17	9	1000
16	17	10	2100
16	17	11	2900
16	17	12	10900
16	17	13	4700
16	17	14	7000
16	17	15	700
16	17	16	2800
16	17	17	7500
16	17	67	502900
16	17	NA	482700
16	18	2	1800
16	18	3	800
16	18	4	1000
16	18	5	3400
16	18	6	1000
16	18	7	11000
16	18	8	6700
16	18	9	4300
16	18	10	1000
16	18	11	2100
16	18	12	2900
16	18	13	10800
16	18	14	4700
16	18	15	6800
16	18	16	700
16	18	17	2800
16	18	18	7500
16	18	68	499700
16	18	NA	479900
16	19	2	6500
16	19	3	1800
16	19	4	800
16	19	5	1000
16	19	6	3400
16	19	7	1000
16	19	8	11000
16	19	9	6700
16	19	10	4300
16	19	11	1000
16	19	12	2100
16	19	13	2900
16	19	14	10800
16	19	15	4700
16	19	16	6800
16	19	17	700
16	19	18	2800
16	19	19	7500
16	19	69	499600
16	19	NA	479300
16	20	2	700
16	20	3	6500
16	20	4	1800
16	20	5	800
16	20	6	1000
16	20	7	3400
16	20	8	1000
16	20	9	11000
16	20	10	6700
16	20	11	4300
16	20	12	1000
16	20	13	2100
16	20	14	2900
16	20	15	10700
16	20	16	4700
16	20	17	6800
16	20	18	700
16	20	19	2800
16	20	20	7500
16	20	70	498100
16	20	NA	477300
17	1	51	526700
17	1	NA	503500
17	2	2	25200
17	2	52	523700
17	2	NA	500600
17	3	2	5900
17	3	3	25200
17	3	53	522700
17	3	NA	499100
17	4	2	2500
17	4	3	5900
17	4	4	25200
17	4	54	521900
17	4	NA	498900
17	5	2	1000
17	5	3	2500
17	5	4	5900
17	5	5	24400
17	5	55	511400
17	5	NA	490200
17	6	2	19900
17	6	3	1000
17	6	4	2500
17	6	5	5900
17	6	6	24400
17	6	56	510400
17	6	NA	489700
17	7	2	1600
17	7	3	19600
17	7	4	1000
17	7	5	2500
17	7	6	5800
17	7	7	24400
17	7	57	506700
17	7	NA	486400
17	8	2	7300
17	8	3	1600
17	8	4	19500
17	8	5	1000
17	8	6	2500
17	8	7	5800
17	8	8	24000
17	8	58	504600
17	8	NA	484600
17	9	2	4500
17	9	3	7200
17	9	4	1600
17	9	5	19500
17	9	6	1000
17	9	7	2500
17	9	8	5700
17	9	9	23900
17	9	59	503300
17	9	NA	482900
17	10	2	3300
17	10	3	4500
17	10	4	7200
17	10	5	1600
17	10	6	19500
17	10	7	1000
17	10	8	2500
17	10	9	5700
17	10	10	23900
17	10	60	503100
17	10	NA	482500
17	11	2	600
17	11	3	3300
17	11	4	4500
17	11	5	7200
17	11	6	1600
17	11	7	19500
17	11	8	1000
17	11	9	2500
17	11	10	5700
17	11	11	23800
17	11	61	501300
17	11	NA	480800
17	12	2	3600
17	12	3	600
17	12	4	3300
17	12	5	4400
17	12	6	7200
17	12	7	1600
17	12	8	19300
17	12	9	900
17	12	10	2500
17	12	11	5700
17	12	12	23800
17	12	62	499400
17	12	NA	477900
17	13	2	5200
17	13	3	3600
17	13	4	500
17	13	5	3200
17	13	6	4300
17	13	7	6900
17	13	8	1600
17	13	9	19000
17	13	10	900
17	13	11	2500
17	13	12	5600
17	13	13	23500
17	13	63	493400
17	13	NA	472700
17	14	2	12500
17	14	3	5200
17	14	4	3500
17	14	5	500
17	14	6	3200
17	14	7	4300
17	14	8	6700
17	14	9	1600
17	14	10	19000
17	14	11	900
17	14	12	2500
17	14	13	5600
17	14	14	23400
17	14	64	490700
17	14	NA	470200
17	15	2	5600
17	15	3	12500
17	15	4	5200
17	15	5	3500
17	15	6	500
17	15	7	3200
17	15	8	4300
17	15	9	6700
17	15	10	1600
17	15	11	19000
17	15	12	900
17	15	13	2500
17	15	14	5600
17	15	15	23100
17	15	65	490200
17	15	NA	469500
17	16	2	1500
17	16	3	5600
17	16	4	12300
17	16	5	5200
17	16	6	3500
17	16	7	500
17	16	8	3200
17	16	9	4300
17	16	10	6600
17	16	11	1600
17	16	12	19000
17	16	13	900
17	16	14	2500
17	16	15	5500
17	16	16	23000
17	16	66	485500
17	16	NA	465300
17	17	2	9400
17	17	3	1500
17	17	4	5600
17	17	5	12300
17	17	6	5200
17	17	7	3500
17	17	8	500
17	17	9	3200
17	17	10	4300
17	17	11	6600
17	17	12	1600
17	17	13	19000
17	17	14	900
17	17	15	2500
17	17	16	5500
17	17	17	23000
17	17	67	484200
17	17	NA	464700
17	18	2	1900
17	18	3	9400
17	18	4	1500
17	18	5	5600
17	18	6	12300
17	18	7	5200
17	18	8	3500
17	18	9	500
17	18	10	3200
17	18	11	4300
17	18	12	6600
17	18	13	1600
17	18	14	19000
17	18	15	900
17	18	16	2500
17	18	17	5500
17	18	18	23000
17	18	68	483300
17	18	NA	464300
17	19	2	1300
17	19	3	1900
17	19	4	9400
17	19	5	1500
17	19	6	5600
17	19	7	12300
17	19	8	5200
17	19	9	3500
17	19	10	500
17	19	11	3200
17	19	12	4300
17	19	13	6600
17	19	14	1600
17	19	15	19000
17	19	16	900
17	19	17	2500
17	19	18	5500
17	19	19	23000
17	19	69	481500
17	19	NA	462300
17	20	2	3800
17	20	3	1300
17	20	4	1900
17	20	5	9400
17	20	6	1400
17	20	7	5600
17	20	8	12300
17	20	9	5200
17	20	10	3500
17	20	11	500
17	20	12	3200
17	20	13	4300
17	20	14	6600
17	20	15	1600
17	20	16	18700
17	20	17	900
17	20	18	2500
17	20	19	5500
17	20	20	22900
17	20	70	481100
17	20	NA	461100
18	1	51	537200
18	1	NA	515700
18	2	2	2400
18	2	52	535300
18	2	NA	513400
18	3	2	4300
18	3	3	2400
18	3	53	531200
18	3	NA	509800
18	4	2	7700
18	4	3	4300
18	4	4	2400
18	4	54	528900
18	4	NA	507800
18	5	2	4300
18	5	3	7700
18	5	4	4300
18	5	5	2300
18	5	55	527400
18	5	NA	506600
18	6	2	2800
18	6	3	4300
18	6	4	7700
18	6	5	4300
18	6	6	2300
18	6	56	525800
18	6	NA	505200
18	7	2	3000
18	7	3	2800
18	7	4	4300
18	7	5	7600
18	7	6	4300
18	7	7	2300
18	7	57	524300
18	7	NA	502500
18	8	2	4100
18	8	3	2900
18	8	4	2800
18	8	5	4300
18	8	6	7600
18	8	7	4300
18	8	8	2200
18	8	58	520700
18	8	NA	500200
18	9	2	6300
18	9	3	4000
18	9	4	2900
18	9	5	2800
18	9	6	4300
18	9	7	7600
18	9	8	4300
18	9	9	2200
18	9	59	519800
18	9	NA	499700
18	10	2	1500
18	10	3	6200
18	10	4	4000
18	10	5	2900
18	10	6	2800
18	10	7	4300
18	10	8	7600
18	10	9	4100
18	10	10	2200
18	10	60	516400
18	10	NA	497300
18	11	2	6100
18	11	3	1500
18	11	4	6100
18	11	5	4000
18	11	6	2900
18	11	7	2700
18	11	8	4300
18	11	9	7600
18	11	10	4100
18	11	11	2200
18	11	61	509600
18	11	NA	493100
18	12	2	11100
18	12	3	6100
18	12	4	1500
18	12	5	6000
18	12	6	3900
18	12	7	2900
18	12	8	2700
18	12	9	4300
18	12	10	7600
18	12	11	4000
18	12	12	2200
18	12	62	504900
18	12	NA	488900
18	13	2	9100
18	13	3	11100
18	13	4	6100
18	13	5	1500
18	13	6	5900
18	13	7	3900
18	13	8	2900
18	13	9	2700
18	13	10	4300
18	13	11	7500
18	13	12	4000
18	13	13	2200
18	13	63	501900
18	13	NA	486100
18	14	2	6200
18	14	3	9000
18	14	4	11000
18	14	5	6100
18	14	6	1500
18	14	7	5900
18	14	8	3900
18	14	9	2900
18	14	10	2700
18	14	11	4300
18	14	12	7500
18	14	13	4000
18	14	14	2200
18	14	64	500900
18	14	NA	484600
18	15	2	2700
18	15	3	6200
18	15	4	9000
18	15	5	11000
18	15	6	6100
18	15	7	1500
18	15	8	5900
18	15	9	3800
18	15	10	2800
18	15	11	2700
18	15	12	4200
18	15	13	7500
18	15	14	3700
18	15	15	2200
18	15	65	496000
18	15	NA	480700
18	16	2	9400
18	16	3	2600
18	16	4	6200
18	16	5	8900
18	16	6	10900
18	16	7	6100
18	16	8	1500
18	16	9	5900
18	16	10	3800
18	16	11	2800
18	16	12	2700
18	16	13	4200
18	16	14	7400
18	16	15	3700
18	16	16	2200
18	16	66	494200
18	16	NA	479000
18	17	2	3900
18	17	3	9400
18	17	4	2600
18	17	5	6200
18	17	6	8900
18	17	7	10900
18	17	8	6100
18	17	9	1500
18	17	10	5900
18	17	11	3800
18	17	12	2800
18	17	13	2700
18	17	14	4200
18	17	15	7400
18	17	16	3700
18	17	17	2200
18	17	67	493500
18	17	NA	478400
18	18	2	1300
18	18	3	3900
18	18	4	9400
18	18	5	2600
18	18	6	6200
18	18	7	8900
18	18	8	10900
18	18	9	6100
18	18	10	1500
18	18	11	5900
18	18	12	3800
18	18	13	2800
18	18	14	2700
18	18	15	4200
18	18	16	7400
18	18	17	3700
18	18	18	2200
18	18	68	492700
18	18	NA	478000
18	19	2	1200
18	19	3	1300
18	19	4	3900
18	19	5	9400
18	19	6	2600
18	19	7	6200
18	19	8	8900
18	19	9	10900
18	19	10	6100
18	19	11	1500
18	19	12	5900
18	19	13	3800
18	19	14	2800
18	19	15	2700
18	19	16	4200
18	19	17	7400
18	19	18	3700
18	19	19	2200
18	19	69	492200
18	19	NA	477500
18	20	2	1000
18	20	3	1200
18	20	4	1300
18	20	5	3900
18	20	6	9300
18	20	7	2600
18	20	8	6200
18	20	9	8900
18	20	10	10800
18	20	11	6100
18	20	12	1500
18	20	13	5800
18	20	14	3800
18	20	15	2800
18	20	16	2700
18	20	17	4200
18	20	18	7400
18	20	19	3700
18	20	20	2200
18	20	70	490800
18	20	NA	476400
19	1	51	537300
19	1	NA	516200
19	2	2	1900
19	2	52	535900
19	2	NA	514400
19	3	2	3200
19	3	3	1900
19	3	53	534900
19	3	NA	513600
19	4	2	1800
19	4	3	3100
19	4	4	1900
19	4	54	532500
19	4	NA	511700
19	5	2	4400
19	5	3	1800
19	5	4	3000
19	5	5	1900
19	5	55	527900
19	5	NA	506200
19	6	2	10200
19	6	3	4400
19	6	4	1800
19	6	5	3000
19	6	6	1900
19	6	56	526200
19	6	NA	504800
19	7	2	3100
19	7	3	10200
19	7	4	4300
19	7	5	1800
19	7	6	3000
19	7	7	1900
19	7	57	523700
19	7	NA	501000
19	8	2	6400
19	8	3	3100
19	8	4	10200
19	8	5	4300
19	8	6	1800
19	8	7	3000
19	8	8	1900
19	8	58	519500
19	8	NA	497600
19	9	2	7600
19	9	3	6300
19	9	4	3100
19	9	5	10200
19	9	6	4300
19	9	7	1800
19	9	8	3000
19	9	9	1900
19	9	59	518200
19	9	NA	496000
19	10	2	3000
19	10	3	7500
19	10	4	6300
19	10	5	3100
19	10	6	10100
19	10	7	4300
19	10	8	1800
19	10	9	3000
19	10	10	1900
19	10	60	515000
19	10	NA	492700
19	11	2	6500
19	11	3	3000
19	11	4	7500
19	11	5	6200
19	11	6	3100
19	11	7	10100
19	11	8	4300
19	11	9	1800
19	11	10	3000
19	11	11	1900
19	11	61	513300
19	11	NA	490700
19	12	2	4000
19	12	3	6500
19	12	4	3000
19	12	5	7500
19	12	6	6200
19	12	7	3100
19	12	8	10100
19	12	9	4300
19	12	10	1800
19	12	11	3000
19	12	12	1900
19	12	62	510800
19	12	NA	489600
19	13	2	3600
19	13	3	4000
19	13	4	6500
19	13	5	3000
19	13	6	7300
19	13	7	6200
19	13	8	3000
19	13	9	10100
19	13	10	4300
19	13	11	1800
19	13	12	3000
19	13	13	1900
19	13	63	507800
19	13	NA	486300
19	14	2	6600
19	14	3	3600
19	14	4	4000
19	14	5	6400
19	14	6	2800
19	14	7	7200
19	14	8	6100
19	14	9	2900
19	14	10	10000
19	14	11	4000
19	14	12	1700
19	14	13	3000
19	14	14	1900
19	14	64	500300
19	14	NA	480300
19	15	2	14400
19	15	3	6600
19	15	4	3600
19	15	5	4000
19	15	6	6400
19	15	7	2800
19	15	8	7100
19	15	9	6100
19	15	10	2900
19	15	11	9900
19	15	12	3800
19	15	13	1700
19	15	14	2900
19	15	15	1900
19	15	65	497300
19	15	NA	476800
19	16	2	7200
19	16	3	14400
19	16	4	6500
19	16	5	3600
19	16	6	4000
19	16	7	6300
19	16	8	2700
19	16	9	7100
19	16	10	6100
19	16	11	2900
19	16	12	9800
19	16	13	3700
19	16	14	1700
19	16	15	2900
19	16	16	1900
19	16	66	496000
19	16	NA	475900
19	17	2	2700
19	17	3	7200
19	17	4	14300
19	17	5	6500
19	17	6	3600
19	17	7	4000
19	17	8	6300
19	17	9	2700
19	17	10	7100
19	17	11	6100
19	17	12	2900
19	17	13	9800
19	17	14	3700
19	17	15	1700
19	17	16	2900
19	17	17	1900
19	17	67	495000
19	17	NA	475100
19	18	2	1900
19	18	3	2700
19	18	4	7100
19	18	5	14200
19	18	6	6400
19	18	7	3600
19	18	8	4000
19	18	9	6300
19	18	10	2700
19	18	11	7100
19	18	12	5900
19	18	13	2900
19	18	14	9800
19	18	15	3700
19	18	16	1700
19	18	17	2900
19	18	18	1800
19	18	68	492100
19	18	NA	471800
19	19	2	6800
19	19	3	1900
19	19	4	2700
19	19	5	7100
19	19	6	14200
19	19	7	6300
19	19	8	3600
19	19	9	4000
19	19	10	6300
19	19	11	2700
19	19	12	7100
19	19	13	5900
19	19	14	2900
19	19	15	9800
19	19	16	3700
19	19	17	1700
19	19	18	2900
19	19	19	1800
19	19	69	491400
19	19	NA	471400
19	20	2	1200
19	20	3	6800
19	20	4	1900
19	20	5	2700
19	20	6	7000
19	20	7	14200
19	20	8	6300
19	20	9	3600
19	20	10	3900
19	20	11	6300
19	20	12	2700
19	20	13	7000
19	20	14	5900
19	20	15	2900
19	20	16	9800
19	20	17	3700
19	20	18	1700
19	20	19	2900
19	20	20	1800
19	20	70	490400
19	20	NA	470200
20	1	51	537800
20	1	NA	516500
20	2	2	1100
20	2	52	535800
20	2	NA	512900
20	3	2	5600
20	3	3	1100
20	3	53	532600
20	3	NA	509900
20	4	2	6100
20	4	3	5500
20	4	4	1100
20	4	54	521200
20	4	NA	500700
20	5	2	20800
20	5	3	6000
20	5	4	5500
20	5	5	1100
20	5	55	520500
20	5	NA	499800
20	6	2	1700
20	6	3	20800
20	6	4	6000
20	6	5	5500
20	6	6	1100
20	6	56	520200
20	6	NA	499300
20	7	2	800
20	7	3	1700
20	7	4	20600
20	7	5	6000
20	7	6	5500
20	7	7	1000
20	7	57	517100
20	7	NA	496000
20	8	2	6700
20	8	3	800
20	8	4	1700
20	8	5	20500
20	8	6	6000
20	8	7	5500
20	8	8	900
20	8	58	515600
20	8	NA	493900
20	9	2	3800
20	9	3	6600
20	9	4	800
20	9	5	1700
20	9	6	20500
20	9	7	6000
20	9	8	5500
20	9	9	900
20	9	59	514500
20	9	NA	493200
20	10	2	1800
20	10	3	3800
20	10	4	6500
20	10	5	800
20	10	6	1600
20	10	7	20000
20	10	8	6000
20	10	9	5500
20	10	10	900
20	10	60	506800
20	10	NA	484200
20	11	2	17500
20	11	3	1800
20	11	4	3800
20	11	5	6500
20	11	6	800
20	11	7	1600
20	11	8	20000
20	11	9	6000
20	11	10	5500
20	11	11	900
20	11	61	506300
20	11	NA	484000
20	12	2	700
20	12	3	17300
20	12	4	1800
20	12	5	3800
20	12	6	6400
20	12	7	800
20	12	8	1600
20	12	9	19900
20	12	10	5900
20	12	11	5300
20	12	12	900
20	12	62	501700
20	12	NA	479600
20	13	2	9700
20	13	3	700
20	13	4	16300
20	13	5	1800
20	13	6	3800
20	13	7	6200
20	13	8	700
20	13	9	1600
20	13	10	19400
20	13	11	5600
20	13	12	4900
20	13	13	900
20	13	63	491100
20	13	NA	470500
20	14	2	22100
20	14	3	9700
20	14	4	700
20	14	5	16100
20	14	6	1800
20	14	7	3700
20	14	8	6200
20	14	9	700
20	14	10	1600
20	14	11	19300
20	14	12	5600
20	14	13	4900
20	14	14	900
20	14	64	490300
20	14	NA	470300
20	15	2	1500
20	15	3	22000
20	15	4	9700
20	15	5	700
20	15	6	16100
20	15	7	1800
20	15	8	3700
20	15	9	6000
20	15	10	600
20	15	11	1500
20	15	12	19000
20	15	13	5500
20	15	14	4900
20	15	15	900
20	15	65	487100
20	15	NA	466900
20	16	2	7500
20	16	3	1500
20	16	4	21900
20	16	5	9700
20	16	6	700
20	16	7	15800
20	16	8	1800
20	16	9	3600
20	16	10	6000
20	16	11	600
20	16	12	1500
20	16	13	19000
20	16	14	5500
20	16	15	4900
20	16	16	900
20	16	66	483800
20	16	NA	464300
20	17	2	6400
20	17	3	7500
20	17	4	1500
20	17	5	21900
20	17	6	9700
20	17	7	700
20	17	8	15700
20	17	9	1800
20	17	10	3600
20	17	11	6000
20	17	12	600
20	17	13	1400
20	17	14	19000
20	17	15	5500
20	17	16	4900
20	17	17	900
20	17	67	482200
20	17	NA	462800
20	18	2	3300
20	18	3	6400
20	18	4	7400
20	18	5	1500
20	18	6	21700
20	18	7	9700
20	18	8	700
20	18	9	15700
20	18	10	1800
20	18	11	3600
20	18	12	5800
20	18	13	600
20	18	14	1400
20	18	15	18900
20	18	16	5400
20	18	17	4900
20	18	18	900
20	18	68	480400
20	18	NA	461400
20	19	2	3800
20	19	3	3300
20	19	4	6400
20	19	5	7300
20	19	6	1500
20	19	7	21700
20	19	8	9600
20	19	9	700
20	19	10	15600
20	19	11	1800
20	19	12	3600
20	19	13	5800
20	19	14	600
20	19	15	1400
20	19	16	18800
20	19	17	5400
20	19	18	4900
20	19	19	800
20	19	69	478100
20	19	NA	458500
20	20	2	5800
20	20	3	3800
20	20	4	3300
20	20	5	6400
20	20	6	7300
20	20	7	1500
20	20	8	21700
20	20	9	9600
20	20	10	700
20	20	11	15500
20	20	12	1800
20	20	13	3600
20	20	14	5800
20	20	15	600
20	20	16	1400
20	20	17	18800
20	20	18	5400
20	20	19	4900
20	20	20	800
20	20	70	476700
20	20	NA	457900
21	1	51	538000
21	1	NA	516300
21	2	2	1100
21	2	52	532600
21	2	NA	510900
21	3	2	10800
21	3	3	1100
21	3	53	528700
21	3	NA	508000
21	4	2	6200
21	4	3	10800
21	4	4	1100
21	4	54	525100
21	4	NA	505600
21	5	2	6600
21	5	3	6200
21	5	4	10700
21	5	5	1100
21	5	55	522800
21	5	NA	501500
21	6	2	6500
21	6	3	6500
21	6	4	6200
21	6	5	10700
21	6	6	1100
21	6	56	516100
21	6	NA	494500
21	7	2	13800
21	7	3	6500
21	7	4	6500
21	7	5	6200
21	7	6	10700
21	7	7	1100
21	7	57	514900
21	7	NA	493900
21	8	2	1800
21	8	3	13700
21	8	4	6500
21	8	5	6200
21	8	6	6100
21	8	7	10500
21	8	8	1000
21	8	58	505300
21	8	NA	483800
21	9	2	20400
21	9	3	1800
21	9	4	13600
21	9	5	6500
21	9	6	6200
21	9	7	6100
21	9	8	10400
21	9	9	1000
21	9	59	504300
21	9	NA	483100
21	10	2	2000
21	10	3	20400
21	10	4	1800
21	10	5	13600
21	10	6	6500
21	10	7	6200
21	10	8	6100
21	10	9	10400
21	10	10	1000
21	10	60	503100
21	10	NA	482300
21	11	2	2000
21	11	3	1900
21	11	4	19700
21	11	5	1800
21	11	6	13400
21	11	7	6500
21	11	8	5900
21	11	9	5600
21	11	10	10100
21	11	11	1000
21	11	61	494300
21	11	NA	475100
21	12	2	18100
21	12	3	2000
21	12	4	1900
21	12	5	19700
21	12	6	1800
21	12	7	13300
21	12	8	6500
21	12	9	5900
21	12	10	5600
21	12	11	10100
21	12	12	1000
21	12	62	492700
21	12	NA	474000
21	13	2	2800
21	13	3	18100
21	13	4	2000
21	13	5	1900
21	13	6	19600
21	13	7	1800
21	13	8	13300
21	13	9	6400
21	13	10	5900
21	13	11	5500
21	13	12	10100
21	13	13	1000
21	13	63	489900
21	13	NA	470800
21	14	2	6300
21	14	3	2800
21	14	4	18000
21	14	5	2000
21	14	6	1900
21	14	7	19600
21	14	8	1800
21	14	9	13300
21	14	10	6300
21	14	11	5900
21	14	12	5500
21	14	13	10100
21	14	14	1000
21	14	64	489100
21	14	NA	469400
21	15	2	2400
21	15	3	6300
21	15	4	2800
21	15	5	18000
21	15	6	2000
21	15	7	1900
21	15	8	19600
21	15	9	1800
21	15	10	13200
21	15	11	6300
21	15	12	5900
21	15	13	5500
21	15	14	10100
21	15	15	1000
21	15	65	487800
21	15	NA	468500
21	16	2	2300
21	16	3	2400
21	16	4	6300
21	16	5	2800
21	16	6	17800
21	16	7	2000
21	16	8	1900
21	16	9	19300
21	16	10	1800
21	16	11	13200
21	16	12	6300
21	16	13	5900
21	16	14	5500
21	16	15	9900
21	16	16	1000
21	16	66	483700
21	16	NA	464700
21	17	2	8600
21	17	3	2300
21	17	4	2400
21	17	5	6300
21	17	6	2800
21	17	7	17600
21	17	8	2000
21	17	9	1900
21	17	10	19300
21	17	11	1800
21	17	12	13200
21	17	13	6300
21	17	14	5900
21	17	15	5500
21	17	16	9900
21	17	17	1000
21	17	67	482500
21	17	NA	463600
21	18	2	2500
21	18	3	8500
21	18	4	2300
21	18	5	2400
21	18	6	6200
21	18	7	2800
21	18	8	17600
21	18	9	2000
21	18	10	1900
21	18	11	19300
21	18	12	1800
21	18	13	13100
21	18	14	6300
21	18	15	5900
21	18	16	5500
21	18	17	9900
21	18	18	1000
21	18	68	480600
21	18	NA	461900
21	19	2	3900
21	19	3	2500
21	19	4	8500
21	19	5	2300
21	19	6	2400
21	19	7	6200
21	19	8	2800
21	19	9	17300
21	19	10	1900
21	19	11	1900
21	19	12	19200
21	19	13	1800
21	19	14	13000
21	19	15	6300
21	19	16	5800
21	19	17	5500
21	19	18	9800
21	19	19	1000
21	19	69	478500
21	19	NA	459300
21	20	2	5500
21	20	3	3900
21	20	4	2500
21	20	5	8500
21	20	6	2300
21	20	7	2400
21	20	8	6200
21	20	9	2700
21	20	10	17300
21	20	11	1900
21	20	12	1900
21	20	13	19000
21	20	14	1700
21	20	15	13000
21	20	16	6300
21	20	17	5800
21	20	18	5500
21	20	19	9800
21	20	20	1000
21	20	70	477100
21	20	NA	457000
22	1	51	536600
22	1	NA	515400
22	2	2	3400
22	2	52	534100
22	2	NA	511900
22	3	2	5900
22	3	3	3400
22	3	53	533100
22	3	NA	511000
22	4	2	2000
22	4	3	5900
22	4	4	3400
22	4	54	529400
22	4	NA	507900
22	5	2	6800
22	5	3	2000
22	5	4	5900
22	5	5	3400
22	5	55	528900
22	5	NA	507000
22	6	2	1200
22	6	3	6600
22	6	4	2000
22	6	5	5900
22	6	6	3400
22	6	56	527700
22	6	NA	505400
22	7	2	3200
22	7	3	1200
22	7	4	6500
22	7	5	2000
22	7	6	5900
22	7	7	3300
22	7	57	519000
22	7	NA	499800
22	8	2	14500
22	8	3	3200
22	8	4	1200
22	8	5	6500
22	8	6	2000
22	8	7	5900
22	8	8	3200
22	8	58	518300
22	8	NA	498700
22	9	2	1900
22	9	3	14500
22	9	4	3200
22	9	5	1200
22	9	6	6500
22	9	7	2000
22	9	8	5900
22	9	9	3200
22	9	59	517500
22	9	NA	498200
22	10	2	1300
22	10	3	1900
22	10	4	14500
22	10	5	3200
22	10	6	1200
22	10	7	6500
22	10	8	1900
22	10	9	5900
22	10	10	3200
22	10	60	516600
22	10	NA	496500
22	11	2	2600
22	11	3	1300
22	11	4	1900
22	11	5	14000
22	11	6	3200
22	11	7	1200
22	11	8	6000
22	11	9	1900
22	11	10	5900
22	11	11	3100
22	11	61	507300
22	11	NA	485700
22	12	2	21200
22	12	3	2600
22	12	4	1300
22	12	5	1900
22	12	6	13800
22	12	7	3200
22	12	8	1200
22	12	9	6000
22	12	10	1900
22	12	11	5800
22	12	12	3100
22	12	62	505600
22	12	NA	483900
22	13	2	3900
22	13	3	21200
22	13	4	2600
22	13	5	1300
22	13	6	1900
22	13	7	13600
22	13	8	3200
22	13	9	1200
22	13	10	6000
22	13	11	1900
22	13	12	5800
22	13	13	3100
22	13	63	504700
22	13	NA	483000
22	14	2	2000
22	14	3	3900
22	14	4	21200
22	14	5	2600
22	14	6	1300
22	14	7	1900
22	14	8	13600
22	14	9	3200
22	14	10	1200
22	14	11	6000
22	14	12	1800
22	14	13	5800
22	14	14	3100
22	14	64	503700
22	14	NA	481700
22	15	2	2400
22	15	3	2000
22	15	4	3900
22	15	5	21200
22	15	6	2600
22	15	7	1200
22	15	8	1800
22	15	9	13600
22	15	10	3200
22	15	11	1200
22	15	12	6000
22	15	13	1700
22	15	14	5800
22	15	15	3100
22	15	65	500900
22	15	NA	478300
22	16	2	6500
22	16	3	2400
22	16	4	2000
22	16	5	3900
22	16	6	20900
22	16	7	2600
22	16	8	1200
22	16	9	1800
22	16	10	13500
22	16	11	3200
22	16	12	1200
22	16	13	6000
22	16	14	1700
22	16	15	5800
22	16	16	3100
22	16	66	498700
22	16	NA	475300
22	17	2	5600
22	17	3	6400
22	17	4	2400
22	17	5	2000
22	17	6	3900
22	17	7	20800
22	17	8	2500
22	17	9	1200
22	17	10	1800
22	17	11	13400
22	17	12	3200
22	17	13	1200
22	17	14	6000
22	17	15	1700
22	17	16	5800
22	17	17	3100
22	17	67	496900
22	17	NA	473900
22	18	2	3600
22	18	3	5600
22	18	4	6400
22	18	5	2400
22	18	6	2000
22	18	7	3900
22	18	8	20800
22	18	9	2500
22	18	10	1200
22	18	11	1800
22	18	12	13400
22	18	13	3200
22	18	14	1200
22	18	15	6000
22	18	16	1700
22	18	17	5800
22	18	18	3100
22	18	68	495400
22	18	NA	471600
22	19	2	3800
22	19	3	3600
22	19	4	5500
22	19	5	6300
22	19	6	2400
22	19	7	1800
22	19	8	3900
22	19	9	20700
22	19	10	2500
22	19	11	1100
22	19	12	1800
22	19	13	13400
22	19	14	3100
22	19	15	1200
22	19	16	5900
22	19	17	1700
22	19	18	5800
22	19	19	3000
22	19	69	492400
22	19	NA	468100
22	20	2	7300
22	20	3	3800
22	20	4	3600
22	20	5	5500
22	20	6	6300
22	20	7	2400
22	20	8	1800
22	20	9	3900
22	20	10	20700
22	20	11	2500
22	20	12	1100
22	20	13	1800
22	20	14	13400
22	20	15	3100
22	20	16	1200
22	20	17	5900
22	20	18	1700
22	20	19	5800
22	20	20	3000
22	20	70	491300
22	20	NA	467300
23	1	51	536000
23	1	NA	514800
23	2	2	4600
23	2	52	532900
23	2	NA	512600
23	3	2	5300
23	3	3	4500
23	3	53	531200
23	3	NA	510000
23	4	2	4400
23	4	3	5300
23	4	4	4400
23	4	54	528800
23	4	NA	508600
23	5	2	3900
23	5	3	4400
23	5	4	5100
23	5	5	4400
23	5	55	518900
23	5	NA	500600
23	6	2	18000
23	6	3	3900
23	6	4	4300
23	6	5	5100
23	6	6	4400
23	6	56	517100
23	6	NA	497300
23	7	2	5300
23	7	3	17900
23	7	4	3900
23	7	5	4300
23	7	6	5100
23	7	7	4300
23	7	57	513900
23	7	NA	495100
23	8	2	5600
23	8	3	5200
23	8	4	17800
23	8	5	3900
23	8	6	4200
23	8	7	5100
23	8	8	4200
23	8	58	510400
23	8	NA	490500
23	9	2	8400
23	9	3	5600
23	9	4	5100
23	9	5	17700
23	9	6	3800
23	9	7	4200
23	9	8	5100
23	9	9	4200
23	9	59	506800
23	9	NA	487500
23	10	2	7000
23	10	3	8400
23	10	4	5500
23	10	5	5100
23	10	6	17700
23	10	7	3800
23	10	8	4200
23	10	9	5100
23	10	10	4200
23	10	60	506400
23	10	NA	487200
23	11	2	800
23	11	3	7000
23	11	4	8300
23	11	5	5400
23	11	6	5000
23	11	7	17700
23	11	8	3800
23	11	9	4100
23	11	10	5100
23	11	11	4200
23	11	61	501100
23	11	NA	484200
23	12	2	8700
23	12	3	800
23	12	4	7000
23	12	5	8300
23	12	6	5400
23	12	7	5000
23	12	8	17400
23	12	9	3700
23	12	10	4100
23	12	11	5100
23	12	12	4200
23	12	62	496500
23	12	NA	479000
23	13	2	10200
23	13	3	8600
23	13	4	800
23	13	5	7000
23	13	6	8300
23	13	7	5400
23	13	8	5000
23	13	9	17400
23	13	10	3700
23	13	11	4100
23	13	12	5100
23	13	13	4200
23	13	63	495000
23	13	NA	477800
23	14	2	2800
23	14	3	10200
23	14	4	8600
23	14	5	800
23	14	6	7000
23	14	7	8200
23	14	8	5400
23	14	9	5000
23	14	10	17400
23	14	11	3700
23	14	12	4100
23	14	13	5100
23	14	14	4200
23	14	64	493800
23	14	NA	476900
23	15	2	2200
23	15	3	2800
23	15	4	9900
23	15	5	8600
23	15	6	800
23	15	7	6900
23	15	8	8200
23	15	9	5400
23	15	10	5000
23	15	11	17000
23	15	12	3700
23	15	13	4100
23	15	14	5100
23	15	15	4200
23	15	65	490700
23	15	NA	474900
23	16	2	5900
23	16	3	2200
23	16	4	2800
23	16	5	9700
23	16	6	8600
23	16	7	800
23	16	8	6900
23	16	9	8200
23	16	10	5400
23	16	11	5000
23	16	12	17000
23	16	13	3600
23	16	14	4100
23	16	15	5100
23	16	16	4100
23	16	66	489100
23	16	NA	473500
23	17	2	3400
23	17	3	5900
23	17	4	2200
23	17	5	2800
23	17	6	9700
23	17	7	8600
23	17	8	800
23	17	9	6900
23	17	10	8200
23	17	11	5400
23	17	12	4900
23	17	13	17000
23	17	14	3600
23	17	15	4100
23	17	16	5100
23	17	17	4100
23	17	67	487700
23	17	NA	472100
23	18	2	2900
23	18	3	3400
23	18	4	5900
23	18	5	2200
23	18	6	2800
23	18	7	9700
23	18	8	8600
23	18	9	800
23	18	10	6900
23	18	11	8200
23	18	12	5300
23	18	13	4800
23	18	14	17000
23	18	15	3600
23	18	16	4100
23	18	17	5100
23	18	18	4100
23	18	68	486600
23	18	NA	471900
23	19	2	1500
23	19	3	2900
23	19	4	3000
23	19	5	5700
23	19	6	2200
23	19	7	2800
23	19	8	9400
23	19	9	8600
23	19	10	800
23	19	11	6900
23	19	12	8200
23	19	13	5100
23	19	14	4700
23	19	15	16700
23	19	16	3600
23	19	17	4100
23	19	18	4900
23	19	19	4100
23	19	69	479200
23	19	NA	462800
23	20	2	18100
23	20	3	1500
23	20	4	2900
23	20	5	3000
23	20	6	5700
23	20	7	2200
23	20	8	2800
23	20	9	9400
23	20	10	8600
23	20	11	800
23	20	12	6900
23	20	13	8200
23	20	14	5100
23	20	15	4700
23	20	16	16700
23	20	17	3600
23	20	18	4100
23	20	19	4800
23	20	20	4100
23	20	70	478200
23	20	NA	461700
24	1	51	537300
24	1	NA	516100
24	2	2	2000
24	2	52	536100
24	2	NA	515400
24	3	2	1800
24	3	3	2000
24	3	53	534800
24	3	NA	514400
24	4	2	2400
24	4	3	1800
24	4	4	2000
24	4	54	530500
24	4	NA	510500
24	5	2	8200
24	5	3	2400
24	5	4	1800
24	5	5	2000
24	5	55	529700
24	5	NA	510000
24	6	2	1300
24	6	3	8200
24	6	4	2400
24	6	5	1800
24	6	6	2000
24	6	56	529500
24	6	NA	509700
24	7	2	500
24	7	3	1300
24	7	4	8200
24	7	5	2400
24	7	6	1800
24	7	7	1900
24	7	57	527500
24	7	NA	507900
24	8	2	3800
24	8	3	500
24	8	4	1300
24	8	5	7900
24	8	6	2400
24	8	7	1800
24	8	8	1900
24	8	58	525400
24	8	NA	506400
24	9	2	4000
24	9	3	3800
24	9	4	500
24	9	5	1300
24	9	6	7900
24	9	7	2400
24	9	8	1700
24	9	9	1900
24	9	59	524400
24	9	NA	505200
24	10	2	2300
24	10	3	4000
24	10	4	3800
24	10	5	500
24	10	6	1300
24	10	7	7800
24	10	8	2400
24	10	9	1700
24	10	10	1900
24	10	60	524000
24	10	NA	504800
24	11	2	900
24	11	3	2300
24	11	4	4000
24	11	5	3800
24	11	6	500
24	11	7	1300
24	11	8	7700
24	11	9	2400
24	11	10	1700
24	11	11	1900
24	11	61	522400
24	11	NA	503600
24	12	2	2900
24	12	3	900
24	12	4	2300
24	12	5	4000
24	12	6	3600
24	12	7	500
24	12	8	1300
24	12	9	7700
24	12	10	2400
24	12	11	1700
24	12	12	1900
24	12	62	517800
24	12	NA	498700
24	13	2	9600
24	13	3	2900
24	13	4	900
24	13	5	2300
24	13	6	4000
24	13	7	3600
24	13	8	500
24	13	9	1300
24	13	10	7700
24	13	11	2400
24	13	12	1700
24	13	13	1900
24	13	63	515900
24	13	NA	497300
24	14	2	3300
24	14	3	9500
24	14	4	2900
24	14	5	900
24	14	6	2300
24	14	7	3900
24	14	8	3600
24	14	9	500
24	14	10	1300
24	14	11	7700
24	14	12	2400
24	14	13	1700
24	14	14	1900
24	14	64	513900
24	14	NA	495300
24	15	2	4300
24	15	3	3200
24	15	4	9500
24	15	5	2900
24	15	6	900
24	15	7	2300
24	15	8	3800
24	15	9	3600
24	15	10	500
24	15	11	1300
24	15	12	7400
24	15	13	2400
24	15	14	1700
24	15	15	1900
24	15	65	510900
24	15	NA	492800
24	16	2	5900
24	16	3	4300
24	16	4	3200
24	16	5	9500
24	16	6	2800
24	16	7	900
24	16	8	2300
24	16	9	3800
24	16	10	3600
24	16	11	500
24	16	12	1300
24	16	13	7300
24	16	14	2400
24	16	15	1700
24	16	16	1900
24	16	66	509700
24	16	NA	491900
24	17	2	2400
24	17	3	5900
24	17	4	4300
24	17	5	3200
24	17	6	9500
24	17	7	2800
24	17	8	900
24	17	9	2300
24	17	10	3800
24	17	11	3600
24	17	12	500
24	17	13	1300
24	17	14	7200
24	17	15	2400
24	17	16	1700
24	17	17	1900
24	17	67	509000
24	17	NA	491500
24	18	2	1200
24	18	3	2400
24	18	4	5900
24	18	5	4200
24	18	6	3200
24	18	7	9300
24	18	8	2800
24	18	9	900
24	18	10	2300
24	18	11	3800
24	18	12	3600
24	18	13	500
24	18	14	1300
24	18	15	7200
24	18	16	2400
24	18	17	1700
24	18	18	1900
24	18	68	505100
24	18	NA	487400
24	19	2	8300
24	19	3	1200
24	19	4	2400
24	19	5	5900
24	19	6	4200
24	19	7	3200
24	19	8	9300
24	19	9	2800
24	19	10	900
24	19	11	2300
24	19	12	3800
24	19	13	3600
24	19	14	500
24	19	15	1300
24	19	16	7200
24	19	17	2400
24	19	18	1700
24	19	19	1900
24	19	69	504400
24	19	NA	487000
24	20	2	1100
24	20	3	8300
24	20	4	1200
24	20	5	2400
24	20	6	5900
24	20	7	4200
24	20	8	3200
24	20	9	9200
24	20	10	2800
24	20	11	900
24	20	12	2300
24	20	13	3800
24	20	14	3500
24	20	15	500
24	20	16	1300
24	20	17	7200
24	20	18	2400
24	20	19	1700
24	20	20	1900
24	20	70	501400
24	20	NA	484600
25	1	51	534900
25	1	NA	514200
25	2	2	6200
25	2	52	530700
25	2	NA	509500
25	3	2	9000
25	3	3	6200
25	3	53	529900
25	3	NA	509100
25	4	2	1200
25	4	3	9000
25	4	4	6100
25	4	54	524000
25	4	NA	503000
25	5	2	12100
25	5	3	1200
25	5	4	9000
25	5	5	6100
25	5	55	522700
25	5	NA	502300
25	6	2	2000
25	6	3	12000
25	6	4	1200
25	6	5	8900
25	6	6	6100
25	6	56	516300
25	6	NA	497300
25	7	2	11500
25	7	3	1900
25	7	4	11700
25	7	5	1200
25	7	6	8700
25	7	7	6100
25	7	57	508700
25	7	NA	491600
25	8	2	14000
25	8	3	11500
25	8	4	1900
25	8	5	11700
25	8	6	1200
25	8	7	8700
25	8	8	6100
25	8	58	507700
25	8	NA	491000
25	9	2	1600
25	9	3	14000
25	9	4	11500
25	9	5	1900
25	9	6	11700
25	9	7	1200
25	9	8	8700
25	9	9	6100
25	9	59	506200
25	9	NA	489600
25	10	2	2900
25	10	3	1600
25	10	4	13900
25	10	5	11500
25	10	6	1900
25	10	7	11700
25	10	8	1200
25	10	9	8700
25	10	10	6100
25	10	60	505000
25	10	NA	488500
25	11	2	2400
25	11	3	2900
25	11	4	1600
25	11	5	13900
25	11	6	11500
25	11	7	1900
25	11	8	11700
25	11	9	1200
25	11	10	8700
25	11	11	6100
25	11	61	503800
25	11	NA	486600
25	12	2	3100
25	12	3	2400
25	12	4	2900
25	12	5	1600
25	12	6	13900
25	12	7	11500
25	12	8	1900
25	12	9	11700
25	12	10	1200
25	12	11	8700
25	12	12	6100
25	12	62	502900
25	12	NA	485600
25	13	2	1900
25	13	3	3100
25	13	4	2400
25	13	5	2900
25	13	6	1600
25	13	7	13900
25	13	8	11500
25	13	9	1900
25	13	10	11600
25	13	11	1200
25	13	12	8600
25	13	13	6000
25	13	63	501200
25	13	NA	484100
25	14	2	3300
25	14	3	1900
25	14	4	3100
25	14	5	2400
25	14	6	2800
25	14	7	1600
25	14	8	13900
25	14	9	11400
25	14	10	1900
25	14	11	11600
25	14	12	1100
25	14	13	8600
25	14	14	6000
25	14	64	498600
25	14	NA	481900
25	15	2	5300
25	15	3	3300
25	15	4	1900
25	15	5	3100
25	15	6	2400
25	15	7	2800
25	15	8	1600
25	15	9	13900
25	15	10	11400
25	15	11	1900
25	15	12	11600
25	15	13	1100
25	15	14	8600
25	15	15	6000
25	15	65	496800
25	15	NA	480100
25	16	2	3600
25	16	3	5300
25	16	4	3300
25	16	5	1900
25	16	6	3100
25	16	7	2400
25	16	8	2800
25	16	9	1600
25	16	10	13800
25	16	11	11300
25	16	12	1900
25	16	13	11500
25	16	14	1100
25	16	15	8600
25	16	16	5900
25	16	66	493600
25	16	NA	477500
25	17	2	6200
25	17	3	3600
25	17	4	5300
25	17	5	3300
25	17	6	1900
25	17	7	3100
25	17	8	2400
25	17	9	2800
25	17	10	1600
25	17	11	13800
25	17	12	11300
25	17	13	1900
25	17	14	11500
25	17	15	1100
25	17	16	8600
25	17	17	5900
25	17	67	492700
25	17	NA	476800
25	18	2	1600
25	18	3	6100
25	18	4	3600
25	18	5	5300
25	18	6	3300
25	18	7	1900
25	18	8	3100
25	18	9	2400
25	18	10	2600
25	18	11	1600
25	18	12	13600
25	18	13	11300
25	18	14	1700
25	18	15	11300
25	18	16	1100
25	18	17	8600
25	18	18	5900
25	18	68	487400
25	18	NA	472300
25	19	2	10700
25	19	3	1600
25	19	4	6100
25	19	5	3600
25	19	6	5300
25	19	7	3300
25	19	8	1900
25	19	9	3100
25	19	10	2400
25	19	11	2600
25	19	12	1600
25	19	13	13600
25	19	14	11300
25	19	15	1700
25	19	16	11200
25	19	17	1100
25	19	18	8600
25	19	19	5900
25	19	69	486400
25	19	NA	471300
25	20	2	2100
25	20	3	10600
25	20	4	1600
25	20	5	6100
25	20	6	3600
25	20	7	5200
25	20	8	3200
25	20	9	1900
25	20	10	3100
25	20	11	2400
25	20	12	2600
25	20	13	1600
25	20	14	13600
25	20	15	11300
25	20	16	1700
25	20	17	11200
25	20	18	1100
25	20	19	8600
25	20	20	5900
25	20	70	485300
25	20	NA	470500
26	1	51	537300
26	1	NA	516600
26	2	2	1500
26	2	52	535300
26	2	NA	514200
26	3	2	4400
26	3	3	1500
26	3	53	531400
26	3	NA	511100
26	4	2	7000
26	4	3	4400
26	4	4	1500
26	4	54	530700
26	4	NA	510600
26	5	2	1200
26	5	3	7000
26	5	4	4400
26	5	5	1500
26	5	55	528200
26	5	NA	508900
26	6	2	4200
26	6	3	1200
26	6	4	6800
26	6	5	4400
26	6	6	1500
26	6	56	526000
26	6	NA	506900
26	7	2	4300
26	7	3	4200
26	7	4	1200
26	7	5	6500
26	7	6	4300
26	7	7	1500
26	7	57	519600
26	7	NA	501400
26	8	2	12400
26	8	3	4300
26	8	4	4200
26	8	5	1200
26	8	6	6500
26	8	7	4300
26	8	8	1500
26	8	58	518000
26	8	NA	500700
26	9	2	2300
26	9	3	12300
26	9	4	4300
26	9	5	4100
26	9	6	1200
26	9	7	6500
26	9	8	4300
26	9	9	1500
26	9	59	517000
26	9	NA	499700
26	10	2	2200
26	10	3	2300
26	10	4	12200
26	10	5	4300
26	10	6	4100
26	10	7	1200
26	10	8	6500
26	10	9	4300
26	10	10	1500
26	10	60	516400
26	10	NA	498600
26	11	2	1800
26	11	3	2200
26	11	4	2300
26	11	5	12000
26	11	6	4300
26	11	7	4000
26	11	8	1200
26	11	9	6500
26	11	10	4300
26	11	11	1500
26	11	61	514800
26	11	NA	496400
26	12	2	4000
26	12	3	1800
26	12	4	2200
26	12	5	2200
26	12	6	11900
26	12	7	4300
26	12	8	4000
26	12	9	1200
26	12	10	6400
26	12	11	4300
26	12	12	1400
26	12	62	509900
26	12	NA	492500
26	13	2	9200
26	13	3	4000
26	13	4	1800
26	13	5	2200
26	13	6	2200
26	13	7	11900
26	13	8	4300
26	13	9	4000
26	13	10	1200
26	13	11	6400
26	13	12	4300
26	13	13	1400
26	13	63	508100
26	13	NA	491400
26	14	2	3000
26	14	3	9200
26	14	4	4000
26	14	5	1800
26	14	6	2200
26	14	7	2200
26	14	8	11900
26	14	9	4300
26	14	10	4000
26	14	11	1200
26	14	12	6400
26	14	13	4300
26	14	14	1400
26	14	64	507600
26	14	NA	490900
26	15	2	1000
26	15	3	2900
26	15	4	9200
26	15	5	4000
26	15	6	1800
26	15	7	2200
26	15	8	2200
26	15	9	11800
26	15	10	4300
26	15	11	4000
26	15	12	1200
26	15	13	6400
26	15	14	4300
26	15	15	1400
26	15	65	506600
26	15	NA	490100
26	16	2	2000
26	16	3	1000
26	16	4	2900
26	16	5	9200
26	16	6	4000
26	16	7	1800
26	16	8	2200
26	16	9	2200
26	16	10	11800
26	16	11	4300
26	16	12	4000
26	16	13	1200
26	16	14	6400
26	16	15	4300
26	16	16	1400
26	16	66	505700
26	16	NA	489400
26	17	2	1600
26	17	3	2000
26	17	4	1000
26	17	5	2900
26	17	6	9200
26	17	7	4000
26	17	8	1800
26	17	9	2200
26	17	10	2200
26	17	11	11600
26	17	12	4100
26	17	13	4000
26	17	14	1200
26	17	15	6400
26	17	16	4200
26	17	17	1400
26	17	67	502100
26	17	NA	485100
26	18	2	8400
26	18	3	1600
26	18	4	2000
26	18	5	1000
26	18	6	2900
26	18	7	9100
26	18	8	4000
26	18	9	1800
26	18	10	2200
26	18	11	2200
26	18	12	11500
26	18	13	4000
26	18	14	3900
26	18	15	1200
26	18	16	6300
26	18	17	4200
26	18	18	1400
26	18	68	498200
26	18	NA	482000
26	19	2	7500
26	19	3	8400
26	19	4	1600
26	19	5	2000
26	19	6	1000
26	19	7	2800
26	19	8	9100
26	19	9	4000
26	19	10	1800
26	19	11	2100
26	19	12	2200
26	19	13	11500
26	19	14	4000
26	19	15	3900
26	19	16	1200
26	19	17	6300
26	19	18	4200
26	19	19	1400
26	19	69	497800
26	19	NA	481100
26	20	2	1500
26	20	3	7400
26	20	4	8400
26	20	5	1600
26	20	6	2000
26	20	7	900
26	20	8	2800
26	20	9	9100
26	20	10	4000
26	20	11	1800
26	20	12	2100
26	20	13	2000
26	20	14	11400
26	20	15	3800
26	20	16	3900
26	20	17	1200
26	20	18	6100
26	20	19	4100
26	20	20	1300
26	20	70	492200
26	20	NA	476200
27	1	51	533800
27	1	NA	512600
27	2	2	9000
27	2	52	533000
27	2	NA	511800
27	3	2	1600
27	3	3	9000
27	3	53	532400
27	3	NA	511000
27	4	2	1400
27	4	3	1600
27	4	4	9000
27	4	54	530900
27	4	NA	509100
27	5	2	3400
27	5	3	1400
27	5	4	1600
27	5	5	9000
27	5	55	529500
27	5	NA	508000
27	6	2	2500
27	6	3	3400
27	6	4	1400
27	6	5	1600
27	6	6	9000
27	6	56	527900
27	6	NA	506600
27	7	2	3000
27	7	3	2400
27	7	4	3400
27	7	5	1400
27	7	6	1600
27	7	7	9000
27	7	57	526800
27	7	NA	505500
27	8	2	2300
27	8	3	3000
27	8	4	2300
27	8	5	3200
27	8	6	1400
27	8	7	1500
27	8	8	9000
27	8	58	524200
27	8	NA	502400
27	9	2	6100
27	9	3	2300
27	9	4	3000
27	9	5	2300
27	9	6	3200
27	9	7	1400
27	9	8	1500
27	9	9	9000
27	9	59	523500
27	9	NA	501900
27	10	2	1200
27	10	3	6100
27	10	4	2300
27	10	5	3000
27	10	6	2300
27	10	7	3100
27	10	8	1400
27	10	9	1500
27	10	10	9000
27	10	60	521700
27	10	NA	500300
27	11	2	3500
27	11	3	1200
27	11	4	6100
27	11	5	2300
27	11	6	3000
27	11	7	2300
27	11	8	3100
27	11	9	1400
27	11	10	1500
27	11	11	8900
27	11	61	517600
27	11	NA	495300
27	12	2	9200
27	12	3	3500
27	12	4	1200
27	12	5	6100
27	12	6	2300
27	12	7	3000
27	12	8	2300
27	12	9	3100
27	12	10	1400
27	12	11	1500
27	12	12	8900
27	12	62	515600
27	12	NA	494500
27	13	2	2800
27	13	3	9100
27	13	4	3400
27	13	5	1200
27	13	6	6100
27	13	7	2200
27	13	8	3000
27	13	9	2300
27	13	10	3100
27	13	11	1400
27	13	12	1500
27	13	13	8800
27	13	63	512500
27	13	NA	492300
27	14	2	5700
27	14	3	2800
27	14	4	9100
27	14	5	3400
27	14	6	1200
27	14	7	6100
27	14	8	2200
27	14	9	3000
27	14	10	2300
27	14	11	3100
27	14	12	1400
27	14	13	1500
27	14	14	8800
27	14	64	511300
27	14	NA	491800
27	15	2	1700
27	15	3	5700
27	15	4	2800
27	15	5	9100
27	15	6	3400
27	15	7	1200
27	15	8	6100
27	15	9	2200
27	15	10	3000
27	15	11	2200
27	15	12	3100
27	15	13	1300
27	15	14	1500
27	15	15	8800
27	15	65	507600
27	15	NA	488500
27	16	2	7200
27	16	3	1700
27	16	4	5700
27	16	5	2800
27	16	6	9100
27	16	7	3400
27	16	8	1200
27	16	9	6100
27	16	10	2200
27	16	11	3000
27	16	12	2200
27	16	13	3100
27	16	14	1300
27	16	15	1500
27	16	16	8800
27	16	66	506800
27	16	NA	487600
27	17	2	1700
27	17	3	7200
27	17	4	1700
27	17	5	5700
27	17	6	2800
27	17	7	9100
27	17	8	3300
27	17	9	1200
27	17	10	6100
27	17	11	2200
27	17	12	3000
27	17	13	2200
27	17	14	3000
27	17	15	1300
27	17	16	1500
27	17	17	8800
27	17	67	505200
27	17	NA	486100
27	18	2	3200
27	18	3	1600
27	18	4	6800
27	18	5	1700
27	18	6	5700
27	18	7	2800
27	18	8	9000
27	18	9	3300
27	18	10	1100
27	18	11	6100
27	18	12	2200
27	18	13	2900
27	18	14	2200
27	18	15	3000
27	18	16	1300
27	18	17	1400
27	18	18	8700
27	18	68	494900
27	18	NA	478300
27	19	2	19000
27	19	3	3200
27	19	4	1600
27	19	5	6800
27	19	6	1700
27	19	7	5700
27	19	8	2600
27	19	9	8900
27	19	10	3200
27	19	11	1100
27	19	12	6000
27	19	13	2200
27	19	14	2900
27	19	15	2200
27	19	16	3000
27	19	17	1300
27	19	18	1400
27	19	19	8700
27	19	69	490300
27	19	NA	473900
27	20	2	9700
27	20	3	19000
27	20	4	3100
27	20	5	1600
27	20	6	6800
27	20	7	1700
27	20	8	5700
27	20	9	2600
27	20	10	8900
27	20	11	3200
27	20	12	1100
27	20	13	6000
27	20	14	2200
27	20	15	2900
27	20	16	2200
27	20	17	3000
27	20	18	1300
27	20	19	1400
27	20	20	8700
27	20	70	489100
27	20	NA	473200
28	1	51	536200
28	1	NA	515600
28	2	2	3600
28	2	52	534700
28	2	NA	514200
28	3	2	2900
28	3	3	3600
28	3	53	525700
28	3	NA	506200
28	4	2	16900
28	4	3	2900
28	4	4	3600
28	4	54	522000
28	4	NA	503700
28	5	2	6100
28	5	3	16800
28	5	4	2900
28	5	5	3600
28	5	55	517300
28	5	NA	497800
28	6	2	10800
28	6	3	6000
28	6	4	16700
28	6	5	2900
28	6	6	3500
28	6	56	513400
28	6	NA	494100
28	7	2	8000
28	7	3	10800
28	7	4	6000
28	7	5	16700
28	7	6	2900
28	7	7	3500
28	7	57	513100
28	7	NA	493700
28	8	2	700
28	8	3	8000
28	8	4	10700
28	8	5	6000
28	8	6	16700
28	8	7	2700
28	8	8	3500
28	8	58	511500
28	8	NA	492500
28	9	2	3100
28	9	3	700
28	9	4	8000
28	9	5	10700
28	9	6	6000
28	9	7	16700
28	9	8	2700
28	9	9	3500
28	9	59	511200
28	9	NA	492100
28	10	2	700
28	10	3	3100
28	10	4	700
28	10	5	8000
28	10	6	10700
28	10	7	6000
28	10	8	16600
28	10	9	2700
28	10	10	3500
28	10	60	510000
28	10	NA	490000
28	11	2	3400
28	11	3	700
28	11	4	3100
28	11	5	700
28	11	6	8000
28	11	7	10700
28	11	8	6000
28	11	9	16500
28	11	10	2700
28	11	11	3500
28	11	61	509000
28	11	NA	489300
28	12	2	1800
28	12	3	3400
28	12	4	700
28	12	5	3100
28	12	6	700
28	12	7	8000
28	12	8	10400
28	12	9	5900
28	12	10	16400
28	12	11	2700
28	12	12	3400
28	12	62	504600
28	12	NA	486200
28	13	2	8100
28	13	3	1800
28	13	4	3400
28	13	5	700
28	13	6	3100
28	13	7	700
28	13	8	8000
28	13	9	10400
28	13	10	5900
28	13	11	16300
28	13	12	2700
28	13	13	3400
28	13	63	503800
28	13	NA	485600
28	14	2	1500
28	14	3	8000
28	14	4	1800
28	14	5	3400
28	14	6	700
28	14	7	3100
28	14	8	700
28	14	9	7800
28	14	10	9900
28	14	11	5800
28	14	12	15700
28	14	13	2700
28	14	14	3300
28	14	64	493400
28	14	NA	478100
28	15	2	19500
28	15	3	1500
28	15	4	8000
28	15	5	1800
28	15	6	3400
28	15	7	700
28	15	8	3100
28	15	9	700
28	15	10	7800
28	15	11	9800
28	15	12	5800
28	15	13	15700
28	15	14	2700
28	15	15	3300
28	15	65	492000
28	15	NA	477200
28	16	2	2400
28	16	3	19500
28	16	4	1500
28	16	5	8000
28	16	6	1800
28	16	7	3400
28	16	8	700
28	16	9	3100
28	16	10	700
28	16	11	7800
28	16	12	9800
28	16	13	5800
28	16	14	15700
28	16	15	2700
28	16	16	3300
28	16	66	491800
28	16	NA	476500
28	17	2	900
28	17	3	2400
28	17	4	19400
28	17	5	1500
28	17	6	8000
28	17	7	1700
28	17	8	3300
28	17	9	700
28	17	10	3000
28	17	11	700
28	17	12	7700
28	17	13	9700
28	17	14	5800
28	17	15	15700
28	17	16	2700
28	17	17	3300
28	17	67	489800
28	17	NA	474500
28	18	2	4500
28	18	3	900
28	18	4	2400
28	18	5	19400
28	18	6	1500
28	18	7	8000
28	18	8	1700
28	18	9	3300
28	18	10	700
28	18	11	3000
28	18	12	700
28	18	13	7700
28	18	14	9600
28	18	15	5700
28	18	16	15700
28	18	17	2700
28	18	18	3300
28	18	68	488300
28	18	NA	473300
28	19	2	3000
28	19	3	4500
28	19	4	800
28	19	5	2400
28	19	6	19400
28	19	7	1500
28	19	8	7900
28	19	9	1700
28	19	10	3300
28	19	11	700
28	19	12	3000
28	19	13	700
28	19	14	7700
28	19	15	9600
28	19	16	5700
28	19	17	15700
28	19	18	2700
28	19	19	3300
28	19	69	487000
28	19	NA	471400
28	20	2	3400
28	20	3	3000
28	20	4	4500
28	20	5	800
28	20	6	2400
28	20	7	19400
28	20	8	1500
28	20	9	7900
28	20	10	1700
28	20	11	3300
28	20	12	700
28	20	13	3000
28	20	14	700
28	20	15	7700
28	20	16	9600
28	20	17	5700
28	20	18	15600
28	20	19	2700
28	20	20	3300
28	20	70	486000
28	20	NA	470000
29	1	51	535800
29	1	NA	515700
29	2	2	3900
29	2	52	534300
29	2	NA	514500
29	3	2	2700
29	3	3	3700
29	3	53	526400
29	3	NA	509500
29	4	2	12900
29	4	3	2700
29	4	4	3700
29	4	54	523700
29	4	NA	506800
29	5	2	5600
29	5	3	12800
29	5	4	2700
29	5	5	3700
29	5	55	522900
29	5	NA	505900
29	6	2	1800
29	6	3	5600
29	6	4	12800
29	6	5	2700
29	6	6	3700
29	6	56	522100
29	6	NA	505000
29	7	2	1700
29	7	3	1800
29	7	4	5600
29	7	5	12600
29	7	6	2700
29	7	7	3700
29	7	57	519600
29	7	NA	502500
29	8	2	5200
29	8	3	1700
29	8	4	1800
29	8	5	5400
29	8	6	12200
29	8	7	2600
29	8	8	3700
29	8	58	512200
29	8	NA	494100
29	9	2	16400
29	9	3	5200
29	9	4	1700
29	9	5	1800
29	9	6	5400
29	9	7	12100
29	9	8	2600
29	9	9	3700
29	9	59	509700
29	9	NA	490900
29	10	2	5900
29	10	3	16400
29	10	4	5200
29	10	5	1700
29	10	6	1800
29	10	7	5400
29	10	8	12100
29	10	9	2600
29	10	10	3700
29	10	60	508300
29	10	NA	490300
29	11	2	1900
29	11	3	5900
29	11	4	16300
29	11	5	5200
29	11	6	1700
29	11	7	1800
29	11	8	5400
29	11	9	12100
29	11	10	2600
29	11	11	3700
29	11	61	507100
29	11	NA	488800
29	12	2	2800
29	12	3	1900
29	12	4	5800
29	12	5	16100
29	12	6	5200
29	12	7	1700
29	12	8	1800
29	12	9	5300
29	12	10	12000
29	12	11	2500
29	12	12	3700
29	12	62	504300
29	12	NA	485800
29	13	2	6500
29	13	3	2800
29	13	4	1900
29	13	5	5800
29	13	6	15900
29	13	7	5200
29	13	8	1700
29	13	9	1800
29	13	10	5100
29	13	11	12000
29	13	12	2500
29	13	13	3700
29	13	63	500600
29	13	NA	482500
29	14	2	7400
29	14	3	6500
29	14	4	2800
29	14	5	1900
29	14	6	5800
29	14	7	15800
29	14	8	5200
29	14	9	1700
29	14	10	1800
29	14	11	5100
29	14	12	12000
29	14	13	2500
29	14	14	3700
29	14	64	499900
29	14	NA	481800
29	15	2	1500
29	15	3	7400
29	15	4	6500
29	15	5	2800
29	15	6	1900
29	15	7	5800
29	15	8	15700
29	15	9	5200
29	15	10	1700
29	15	11	1800
29	15	12	5100
29	15	13	12000
29	15	14	2500
29	15	15	3700
29	15	65	498800
29	15	NA	480400
29	16	2	2600
29	16	3	1500
29	16	4	7400
29	16	5	6500
29	16	6	2800
29	16	7	1900
29	16	8	5800
29	16	9	15600
29	16	10	5200
29	16	11	1700
29	16	12	1800
29	16	13	5000
29	16	14	11900
29	16	15	2500
29	16	16	3700
29	16	66	497400
29	16	NA	479200
29	17	2	2900
29	17	3	2600
29	17	4	1500
29	17	5	7300
29	17	6	6400
29	17	7	2800
29	17	8	1900
29	17	9	5800
29	17	10	15600
29	17	11	5200
29	17	12	1700
29	17	13	1800
29	17	14	5000
29	17	15	11900
29	17	16	2500
29	17	17	3700
29	17	67	492900
29	17	NA	474700
29	18	2	9200
29	18	3	2900
29	18	4	2600
29	18	5	1500
29	18	6	7300
29	18	7	6400
29	18	8	2800
29	18	9	1900
29	18	10	5800
29	18	11	15600
29	18	12	5200
29	18	13	1700
29	18	14	1800
29	18	15	5000
29	18	16	11900
29	18	17	2500
29	18	18	3700
29	18	68	492100
29	18	NA	474100
29	19	2	1400
29	19	3	9200
29	19	4	2900
29	19	5	2600
29	19	6	1500
29	19	7	7300
29	19	8	6400
29	19	9	2800
29	19	10	1900
29	19	11	5800
29	19	12	15600
29	19	13	5200
29	19	14	1700
29	19	15	1800
29	19	16	5000
29	19	17	11900
29	19	18	2500
29	19	19	3700
29	19	69	490900
29	19	NA	473400
29	20	2	1900
29	20	3	1400
29	20	4	9200
29	20	5	2900
29	20	6	2600
29	20	7	1500
29	20	8	7300
29	20	9	6400
29	20	10	2800
29	20	11	1900
29	20	12	5700
29	20	13	15400
29	20	14	5100
29	20	15	1700
29	20	16	1800
29	20	17	5000
29	20	18	11900
29	20	19	2500
29	20	20	3700
29	20	70	489400
29	20	NA	471900
30	1	51	534400
30	1	NA	513900
30	2	2	7100
30	2	52	534000
30	2	NA	513400
30	3	2	900
30	3	3	7100
30	3	53	530700
30	3	NA	509800
30	4	2	6900
30	4	3	900
30	4	4	7100
30	4	54	527200
30	4	NA	506800
30	5	2	6500
30	5	3	6700
30	5	4	900
30	5	5	7100
30	5	55	521800
30	5	NA	501800
30	6	2	10600
30	6	3	6500
30	6	4	6700
30	6	5	900
30	6	6	7100
30	6	56	520000
30	6	NA	500800
30	7	2	2700
30	7	3	10500
30	7	4	6500
30	7	5	6700
30	7	6	900
30	7	7	6900
30	7	57	515800
30	7	NA	496700
30	8	2	8500
30	8	3	2700
30	8	4	10300
30	8	5	6500
30	8	6	6700
30	8	7	900
30	8	8	6900
30	8	58	513800
30	8	NA	494600
30	9	2	4400
30	9	3	8100
30	9	4	2700
30	9	5	10200
30	9	6	6500
30	9	7	6500
30	9	8	900
30	9	9	6500
30	9	59	506300
30	9	NA	487100
30	10	2	16200
30	10	3	4400
30	10	4	8100
30	10	5	2700
30	10	6	10200
30	10	7	6500
30	10	8	6500
30	10	9	900
30	10	10	6500
30	10	60	501800
30	10	NA	483900
30	11	2	7700
30	11	3	16100
30	11	4	4400
30	11	5	8100
30	11	6	2600
30	11	7	10200
30	11	8	6500
30	11	9	6500
30	11	10	900
30	11	11	6500
30	11	61	499800
30	11	NA	482100
30	12	2	4000
30	12	3	7700
30	12	4	16100
30	12	5	4400
30	12	6	8100
30	12	7	2600
30	12	8	10200
30	12	9	6500
30	12	10	6500
30	12	11	900
30	12	12	6500
30	12	62	498500
30	12	NA	481000
30	13	2	2400
30	13	3	4000
30	13	4	7700
30	13	5	16100
30	13	6	4400
30	13	7	8100
30	13	8	2600
30	13	9	10200
30	13	10	6500
30	13	11	6500
30	13	12	900
30	13	13	6500
30	13	63	497600
30	13	NA	479400
30	14	2	2500
30	14	3	2400
30	14	4	4000
30	14	5	7700
30	14	6	16100
30	14	7	4400
30	14	8	8100
30	14	9	2500
30	14	10	10200
30	14	11	6500
30	14	12	6500
30	14	13	900
30	14	14	6500
30	14	64	495900
30	14	NA	478000
30	15	2	3200
30	15	3	2500
30	15	4	2400
30	15	5	3900
30	15	6	7700
30	15	7	16000
30	15	8	4400
30	15	9	8100
30	15	10	2500
30	15	11	10200
30	15	12	6500
30	15	13	6500
30	15	14	900
30	15	15	6400
30	15	65	494900
30	15	NA	477400
30	16	2	1800
30	16	3	3200
30	16	4	2500
30	16	5	2400
30	16	6	3900
30	16	7	7600
30	16	8	16000
30	16	9	4400
30	16	10	8000
30	16	11	2500
30	16	12	10200
30	16	13	6500
30	16	14	6500
30	16	15	900
30	16	16	6400
30	16	66	493600
30	16	NA	476200
30	17	2	2800
30	17	3	1800
30	17	4	3200
30	17	5	2500
30	17	6	2400
30	17	7	3800
30	17	8	7600
30	17	9	15600
30	17	10	4400
30	17	11	7900
30	17	12	2500
30	17	13	10000
30	17	14	6400
30	17	15	6500
30	17	16	900
30	17	17	6400
30	17	67	490200
30	17	NA	472200
30	18	2	8300
30	18	3	2800
30	18	4	1800
30	18	5	3200
30	18	6	2500
30	18	7	2400
30	18	8	3800
30	18	9	7600
30	18	10	15300
30	18	11	4400
30	18	12	7900
30	18	13	2500
30	18	14	9900
30	18	15	6400
30	18	16	6400
30	18	17	900
30	18	18	6300
30	18	68	487900
30	18	NA	471200
30	19	2	3900
30	19	3	8300
30	19	4	2800
30	19	5	1800
30	19	6	3200
30	19	7	2500
30	19	8	2400
30	19	9	3800
30	19	10	7600
30	19	11	15300
30	19	12	4400
30	19	13	7800
30	19	14	2500
30	19	15	9900
30	19	16	6300
30	19	17	6400
30	19	18	900
30	19	19	6300
30	19	69	487300
30	19	NA	470800
30	20	2	1200
30	20	3	3800
30	20	4	8100
30	20	5	2800
30	20	6	1800
30	20	7	3200
30	20	8	2400
30	20	9	2300
30	20	10	3800
30	20	11	7600
30	20	12	14800
30	20	13	4100
30	20	14	7600
30	20	15	2400
30	20	16	9200
30	20	17	6300
30	20	18	6400
30	20	19	900
30	20	20	6200
30	20	70	478500
30	20	NA	460600
