run	year	lct	area
1	1	crop	2039000
1	1	grass	222700
1	1	oak	2374500
1	1	pine	1052600
1	1	shrub	829800
1	1	urban	35700
1	1	water	443900
1	2	crop	2036000
1	2	grass	222300
1	2	oak	2373500
1	2	pine	1054100
1	2	shrub	830400
1	2	urban	35700
1	2	water	443900
1	3	crop	2041500
1	3	grass	222700
1	3	oak	2377300
1	3	pine	1054500
1	3	shrub	830700
1	3	urban	35700
1	3	water	443900
1	4	crop	2026100
1	4	grass	220600
1	4	oak	2365000
1	4	pine	1050600
1	4	shrub	829400
1	4	urban	35700
1	4	water	443900
1	5	crop	2026000
1	5	grass	222500
1	5	oak	2371200
1	5	pine	1046700
1	5	shrub	828400
1	5	urban	35700
1	5	water	443900
1	6	crop	2037800
1	6	grass	222700
1	6	oak	2375300
1	6	pine	1053700
1	6	shrub	830200
1	6	urban	35700
1	6	water	443900
1	7	crop	2025200
1	7	grass	222500
1	7	oak	2372100
1	7	pine	1047600
1	7	shrub	827700
1	7	urban	35700
1	7	water	443900
1	8	crop	2008400
1	8	grass	220500
1	8	oak	2363300
1	8	pine	1042300
1	8	shrub	826000
1	8	urban	35700
1	8	water	443900
1	9	crop	2040300
1	9	grass	222800
1	9	oak	2376600
1	9	pine	1053300
1	9	shrub	830500
1	9	urban	35700
1	9	water	443900
1	10	crop	2027700
1	10	grass	222300
1	10	oak	2366900
1	10	pine	1044000
1	10	shrub	827800
1	10	urban	35700
1	10	water	443900
1	11	crop	2040200
1	11	grass	222800
1	11	oak	2375800
1	11	pine	1054000
1	11	shrub	830400
1	11	urban	35700
1	11	water	443900
1	12	crop	2035400
1	12	grass	222400
1	12	oak	2369200
1	12	pine	1049800
1	12	shrub	829300
1	12	urban	35700
1	12	water	443900
1	13	crop	2026900
1	13	grass	222400
1	13	oak	2372800
1	13	pine	1045400
1	13	shrub	827700
1	13	urban	35700
1	13	water	443900
1	14	crop	2034500
1	14	grass	222500
1	14	oak	2372200
1	14	pine	1049100
1	14	shrub	827600
1	14	urban	35700
1	14	water	443900
1	15	crop	2020700
1	15	grass	222200
1	15	oak	2363200
1	15	pine	1039400
1	15	shrub	826500
1	15	urban	35700
1	15	water	443900
1	16	crop	2038300
1	16	grass	222700
1	16	oak	2376000
1	16	pine	1053700
1	16	shrub	830200
1	16	urban	35700
1	16	water	443900
1	17	crop	2037600
1	17	grass	222500
1	17	oak	2373100
1	17	pine	1052800
1	17	shrub	830300
1	17	urban	35700
1	17	water	443900
1	18	crop	2032400
1	18	grass	221500
1	18	oak	2372400
1	18	pine	1053000
1	18	shrub	829700
1	18	urban	35700
1	18	water	443900
1	19	crop	2035400
1	19	grass	222300
1	19	oak	2372800
1	19	pine	1048300
1	19	shrub	829100
1	19	urban	35700
1	19	water	443900
1	20	crop	2040600
1	20	grass	222800
1	20	oak	2376800
1	20	pine	1054500
1	20	shrub	830600
1	20	urban	35700
1	20	water	443900
2	1	crop	2040100
2	1	grass	222700
2	1	oak	2376000
2	1	pine	1053900
2	1	shrub	830500
2	1	urban	35700
2	1	water	443900
2	2	crop	2035400
2	2	grass	222500
2	2	oak	2370200
2	2	pine	1048900
2	2	shrub	829700
2	2	urban	35700
2	2	water	443900
2	3	crop	2025200
2	3	grass	222800
2	3	oak	2374100
2	3	pine	1048500
2	3	shrub	827300
2	3	urban	35700
2	3	water	443900
2	4	crop	2039000
2	4	grass	222500
2	4	oak	2373900
2	4	pine	1053000
2	4	shrub	830200
2	4	urban	35700
2	4	water	443900
2	5	crop	2037200
2	5	grass	222200
2	5	oak	2373200
2	5	pine	1052500
2	5	shrub	830400
2	5	urban	35700
2	5	water	443900
2	6	crop	2033300
2	6	grass	222500
2	6	oak	2374000
2	6	pine	1049800
2	6	shrub	829100
2	6	urban	35700
2	6	water	443900
2	7	crop	2035100
2	7	grass	222700
2	7	oak	2375400
2	7	pine	1051200
2	7	shrub	829800
2	7	urban	35700
2	7	water	443900
2	8	crop	2038900
2	8	grass	222600
2	8	oak	2374700
2	8	pine	1053400
2	8	shrub	830300
2	8	urban	35700
2	8	water	443900
2	9	crop	2032800
2	9	grass	221400
2	9	oak	2369400
2	9	pine	1048700
2	9	shrub	829700
2	9	urban	35700
2	9	water	443900
2	10	crop	2037900
2	10	grass	222800
2	10	oak	2375800
2	10	pine	1050800
2	10	shrub	829800
2	10	urban	35700
2	10	water	443900
2	11	crop	2031400
2	11	grass	222400
2	11	oak	2365800
2	11	pine	1043300
2	11	shrub	828800
2	11	urban	35700
2	11	water	443900
2	12	crop	2023300
2	12	grass	222600
2	12	oak	2372900
2	12	pine	1046000
2	12	shrub	826600
2	12	urban	35700
2	12	water	443900
2	13	crop	2037100
2	13	grass	222500
2	13	oak	2375100
2	13	pine	1051700
2	13	shrub	830000
2	13	urban	35700
2	13	water	443900
2	14	crop	2037300
2	14	grass	222400
2	14	oak	2372400
2	14	pine	1053100
2	14	shrub	830200
2	14	urban	35700
2	14	water	443900
2	15	crop	2039000
2	15	grass	222600
2	15	oak	2375000
2	15	pine	1053900
2	15	shrub	830100
2	15	urban	35700
2	15	water	443900
2	16	crop	2038600
2	16	grass	222500
2	16	oak	2374800
2	16	pine	1053000
2	16	shrub	830500
2	16	urban	35700
2	16	water	443900
2	17	crop	2037600
2	17	grass	222400
2	17	oak	2372100
2	17	pine	1049200
2	17	shrub	829900
2	17	urban	35700
2	17	water	443900
2	18	crop	2026800
2	18	grass	222500
2	18	oak	2375000
2	18	pine	1047000
2	18	shrub	826900
2	18	urban	35700
2	18	water	443900
2	19	crop	2023600
2	19	grass	221800
2	19	oak	2354700
2	19	pine	1037700
2	19	shrub	827600
2	19	urban	35700
2	19	water	443900
2	20	crop	2033700
2	20	grass	222600
2	20	oak	2372900
2	20	pine	1052700
2	20	shrub	829200
2	20	urban	35700
2	20	water	443900
3	1	crop	2034000
3	1	grass	222000
3	1	oak	2373800
3	1	pine	1052300
3	1	shrub	830000
3	1	urban	35700
3	1	water	443900
3	2	crop	2036500
3	2	grass	222500
3	2	oak	2375400
3	2	pine	1053200
3	2	shrub	829700
3	2	urban	35700
3	2	water	443900
3	3	crop	2023900
3	3	grass	222400
3	3	oak	2370400
3	3	pine	1048300
3	3	shrub	828600
3	3	urban	35700
3	3	water	443900
3	4	crop	2037700
3	4	grass	222600
3	4	oak	2376400
3	4	pine	1053300
3	4	shrub	829700
3	4	urban	35700
3	4	water	443900
3	5	crop	2032100
3	5	grass	221400
3	5	oak	2369200
3	5	pine	1046100
3	5	shrub	828500
3	5	urban	35700
3	5	water	443900
3	6	crop	2037200
3	6	grass	222700
3	6	oak	2375900
3	6	pine	1053700
3	6	shrub	830500
3	6	urban	35700
3	6	water	443900
3	7	crop	2037200
3	7	grass	222100
3	7	oak	2374500
3	7	pine	1054300
3	7	shrub	830300
3	7	urban	35700
3	7	water	443900
3	8	crop	2035800
3	8	grass	222600
3	8	oak	2372000
3	8	pine	1050900
3	8	shrub	829900
3	8	urban	35700
3	8	water	443900
3	9	crop	2032900
3	9	grass	222200
3	9	oak	2368100
3	9	pine	1047800
3	9	shrub	829900
3	9	urban	35700
3	9	water	443900
3	10	crop	2037000
3	10	grass	222400
3	10	oak	2373900
3	10	pine	1054000
3	10	shrub	830400
3	10	urban	35700
3	10	water	443900
3	11	crop	2037800
3	11	grass	222100
3	11	oak	2375100
3	11	pine	1053700
3	11	shrub	830100
3	11	urban	35700
3	11	water	443900
3	12	crop	2039900
3	12	grass	222500
3	12	oak	2374600
3	12	pine	1053100
3	12	shrub	829700
3	12	urban	35700
3	12	water	443900
3	13	crop	2035500
3	13	grass	222200
3	13	oak	2374100
3	13	pine	1051300
3	13	shrub	830100
3	13	urban	35700
3	13	water	443900
3	14	crop	2036700
3	14	grass	222300
3	14	oak	2371600
3	14	pine	1049800
3	14	shrub	829400
3	14	urban	35700
3	14	water	443900
3	15	crop	2032300
3	15	grass	222500
3	15	oak	2372700
3	15	pine	1050500
3	15	shrub	828800
3	15	urban	35700
3	15	water	443900
3	16	crop	2040000
3	16	grass	222700
3	16	oak	2376000
3	16	pine	1054300
3	16	shrub	830100
3	16	urban	35700
3	16	water	443900
3	17	crop	2039100
3	17	grass	222400
3	17	oak	2376300
3	17	pine	1054500
3	17	shrub	830400
3	17	urban	35700
3	17	water	443900
3	18	crop	2037600
3	18	grass	222500
3	18	oak	2376500
3	18	pine	1053600
3	18	shrub	829700
3	18	urban	35700
3	18	water	443900
3	19	crop	2030000
3	19	grass	222100
3	19	oak	2370100
3	19	pine	1050900
3	19	shrub	829400
3	19	urban	35700
3	19	water	443900
3	20	crop	2037200
3	20	grass	222500
3	20	oak	2374200
3	20	pine	1052100
3	20	shrub	829000
3	20	urban	35700
3	20	water	443900
4	1	crop	2023800
4	1	grass	222600
4	1	oak	2357300
4	1	pine	1039700
4	1	shrub	826600
4	1	urban	35700
4	1	water	443900
4	2	crop	2037200
4	2	grass	222300
4	2	oak	2374200
4	2	pine	1053600
4	2	shrub	830400
4	2	urban	35700
4	2	water	443900
4	3	crop	2037300
4	3	grass	222000
4	3	oak	2373300
4	3	pine	1054100
4	3	shrub	830200
4	3	urban	35700
4	3	water	443900
4	4	crop	2038900
4	4	grass	222600
4	4	oak	2375100
4	4	pine	1054500
4	4	shrub	830300
4	4	urban	35700
4	4	water	443900
4	5	crop	2039600
4	5	grass	222600
4	5	oak	2375500
4	5	pine	1055000
4	5	shrub	830700
4	5	urban	35700
4	5	water	443900
4	6	crop	2033800
4	6	grass	221600
4	6	oak	2371200
4	6	pine	1049900
4	6	shrub	830300
4	6	urban	35700
4	6	water	443900
4	7	crop	2026700
4	7	grass	221900
4	7	oak	2368300
4	7	pine	1047600
4	7	shrub	828600
4	7	urban	35700
4	7	water	443900
4	8	crop	2031700
4	8	grass	222300
4	8	oak	2368200
4	8	pine	1046900
4	8	shrub	829200
4	8	urban	35700
4	8	water	443900
4	9	crop	2031400
4	9	grass	222100
4	9	oak	2371300
4	9	pine	1047400
4	9	shrub	828200
4	9	urban	35700
4	9	water	443900
4	10	crop	2036900
4	10	grass	222700
4	10	oak	2375500
4	10	pine	1052900
4	10	shrub	830400
4	10	urban	35700
4	10	water	443900
4	11	crop	2038900
4	11	grass	222700
4	11	oak	2376400
4	11	pine	1053500
4	11	shrub	830400
4	11	urban	35700
4	11	water	443900
4	12	crop	2037600
4	12	grass	222500
4	12	oak	2374400
4	12	pine	1053500
4	12	shrub	830200
4	12	urban	35700
4	12	water	443900
4	13	crop	2035700
4	13	grass	222500
4	13	oak	2373900
4	13	pine	1051500
4	13	shrub	829800
4	13	urban	35700
4	13	water	443900
4	14	crop	2036200
4	14	grass	222000
4	14	oak	2373500
4	14	pine	1052800
4	14	shrub	830100
4	14	urban	35700
4	14	water	443900
4	15	crop	2041800
4	15	grass	222800
4	15	oak	2376500
4	15	pine	1054900
4	15	shrub	830700
4	15	urban	35700
4	15	water	443900
4	16	crop	2019500
4	16	grass	221400
4	16	oak	2355700
4	16	pine	1033400
4	16	shrub	826900
4	16	urban	35700
4	16	water	443900
4	17	crop	2037800
4	17	grass	222700
4	17	oak	2374300
4	17	pine	1053200
4	17	shrub	829800
4	17	urban	35700
4	17	water	443900
4	18	crop	2039000
4	18	grass	222400
4	18	oak	2375700
4	18	pine	1053400
4	18	shrub	830200
4	18	urban	35700
4	18	water	443900
4	19	crop	2021200
4	19	grass	222200
4	19	oak	2372300
4	19	pine	1046700
4	19	shrub	825500
4	19	urban	35700
4	19	water	443900
4	20	crop	2029300
4	20	grass	222300
4	20	oak	2370300
4	20	pine	1047900
4	20	shrub	828600
4	20	urban	35700
4	20	water	443900
5	1	crop	2038300
5	1	grass	222100
5	1	oak	2372100
5	1	pine	1051400
5	1	shrub	829600
5	1	urban	35700
5	1	water	443900
5	2	crop	2039400
5	2	grass	222500
5	2	oak	2374300
5	2	pine	1053000
5	2	shrub	829800
5	2	urban	35700
5	2	water	443900
5	3	crop	2037900
5	3	grass	222500
5	3	oak	2373900
5	3	pine	1051800
5	3	shrub	829800
5	3	urban	35700
5	3	water	443900
5	4	crop	2038300
5	4	grass	222700
5	4	oak	2377200
5	4	pine	1053500
5	4	shrub	830100
5	4	urban	35700
5	4	water	443900
5	5	crop	2034800
5	5	grass	222700
5	5	oak	2374400
5	5	pine	1051300
5	5	shrub	829300
5	5	urban	35700
5	5	water	443900
5	6	crop	2034900
5	6	grass	222500
5	6	oak	2374100
5	6	pine	1050700
5	6	shrub	829700
5	6	urban	35700
5	6	water	443900
5	7	crop	2024300
5	7	grass	222400
5	7	oak	2372300
5	7	pine	1046100
5	7	shrub	827200
5	7	urban	35700
5	7	water	443900
5	8	crop	2040100
5	8	grass	222800
5	8	oak	2376700
5	8	pine	1052400
5	8	shrub	830400
5	8	urban	35700
5	8	water	443900
5	9	crop	2025100
5	9	grass	220400
5	9	oak	2364300
5	9	pine	1051300
5	9	shrub	830000
5	9	urban	35700
5	9	water	443900
5	10	crop	2022200
5	10	grass	222700
5	10	oak	2373000
5	10	pine	1045500
5	10	shrub	826300
5	10	urban	35700
5	10	water	443900
5	11	crop	2022000
5	11	grass	221400
5	11	oak	2364000
5	11	pine	1048300
5	11	shrub	826700
5	11	urban	35700
5	11	water	443900
5	12	crop	2026800
5	12	grass	222700
5	12	oak	2374900
5	12	pine	1049600
5	12	shrub	827100
5	12	urban	35700
5	12	water	443900
5	13	crop	2032100
5	13	grass	222400
5	13	oak	2372100
5	13	pine	1051100
5	13	shrub	828600
5	13	urban	35700
5	13	water	443900
5	14	crop	2036800
5	14	grass	222300
5	14	oak	2373700
5	14	pine	1052300
5	14	shrub	829700
5	14	urban	35700
5	14	water	443900
5	15	crop	2034900
5	15	grass	221800
5	15	oak	2370000
5	15	pine	1050900
5	15	shrub	829700
5	15	urban	35700
5	15	water	443900
5	16	crop	2034500
5	16	grass	222600
5	16	oak	2373500
5	16	pine	1051000
5	16	shrub	829200
5	16	urban	35700
5	16	water	443900
5	17	crop	2041400
5	17	grass	222800
5	17	oak	2377000
5	17	pine	1054500
5	17	shrub	830700
5	17	urban	35700
5	17	water	443900
5	18	crop	2036300
5	18	grass	222400
5	18	oak	2374300
5	18	pine	1053700
5	18	shrub	830300
5	18	urban	35700
5	18	water	443900
5	19	crop	2029000
5	19	grass	222000
5	19	oak	2369900
5	19	pine	1045700
5	19	shrub	828300
5	19	urban	35700
5	19	water	443900
5	20	crop	2035300
5	20	grass	222300
5	20	oak	2372900
5	20	pine	1052700
5	20	shrub	830200
5	20	urban	35700
5	20	water	443900
6	1	crop	2037000
6	1	grass	222500
6	1	oak	2376000
6	1	pine	1052700
6	1	shrub	830100
6	1	urban	35700
6	1	water	443900
6	2	crop	2040800
6	2	grass	222700
6	2	oak	2376600
6	2	pine	1053500
6	2	shrub	830100
6	2	urban	35700
6	2	water	443900
6	3	crop	2039100
6	3	grass	222500
6	3	oak	2375500
6	3	pine	1054100
6	3	shrub	830500
6	3	urban	35700
6	3	water	443900
6	4	crop	2034100
6	4	grass	222500
6	4	oak	2373000
6	4	pine	1051200
6	4	shrub	830000
6	4	urban	35700
6	4	water	443900
6	5	crop	2038500
6	5	grass	222600
6	5	oak	2375400
6	5	pine	1054100
6	5	shrub	830400
6	5	urban	35700
6	5	water	443900
6	6	crop	2038700
6	6	grass	222500
6	6	oak	2374300
6	6	pine	1054100
6	6	shrub	830400
6	6	urban	35700
6	6	water	443900
6	7	crop	2037800
6	7	grass	222600
6	7	oak	2375000
6	7	pine	1051600
6	7	shrub	829800
6	7	urban	35700
6	7	water	443900
6	8	crop	2017000
6	8	grass	221000
6	8	oak	2360600
6	8	pine	1043300
6	8	shrub	827100
6	8	urban	35700
6	8	water	443900
6	9	crop	2034000
6	9	grass	222000
6	9	oak	2373500
6	9	pine	1051300
6	9	shrub	829700
6	9	urban	35700
6	9	water	443900
6	10	crop	2038200
6	10	grass	222200
6	10	oak	2375100
6	10	pine	1053300
6	10	shrub	830100
6	10	urban	35700
6	10	water	443900
6	11	crop	2037700
6	11	grass	222700
6	11	oak	2375800
6	11	pine	1052000
6	11	shrub	829700
6	11	urban	35700
6	11	water	443900
6	12	crop	2017000
6	12	grass	221700
6	12	oak	2352500
6	12	pine	1034400
6	12	shrub	826600
6	12	urban	35700
6	12	water	443900
6	13	crop	2033700
6	13	grass	222100
6	13	oak	2369800
6	13	pine	1049500
6	13	shrub	829300
6	13	urban	35700
6	13	water	443900
6	14	crop	2037200
6	14	grass	222800
6	14	oak	2376200
6	14	pine	1053000
6	14	shrub	830100
6	14	urban	35700
6	14	water	443900
6	15	crop	2039100
6	15	grass	222500
6	15	oak	2376400
6	15	pine	1054100
6	15	shrub	830300
6	15	urban	35700
6	15	water	443900
6	16	crop	2034900
6	16	grass	222200
6	16	oak	2373200
6	16	pine	1051800
6	16	shrub	828900
6	16	urban	35700
6	16	water	443900
6	17	crop	2037600
6	17	grass	222300
6	17	oak	2374500
6	17	pine	1052600
6	17	shrub	830000
6	17	urban	35700
6	17	water	443900
6	18	crop	2039200
6	18	grass	222800
6	18	oak	2376000
6	18	pine	1053800
6	18	shrub	829600
6	18	urban	35700
6	18	water	443900
6	19	crop	2033900
6	19	grass	221800
6	19	oak	2374100
6	19	pine	1052300
6	19	shrub	829700
6	19	urban	35700
6	19	water	443900
6	20	crop	2037000
6	20	grass	222300
6	20	oak	2375600
6	20	pine	1052500
6	20	shrub	830000
6	20	urban	35700
6	20	water	443900
7	1	crop	2040700
7	1	grass	222600
7	1	oak	2376100
7	1	pine	1053500
7	1	shrub	830300
7	1	urban	35700
7	1	water	443900
7	2	crop	2039500
7	2	grass	222800
7	2	oak	2375700
7	2	pine	1053700
7	2	shrub	830400
7	2	urban	35700
7	2	water	443900
7	3	crop	2036200
7	3	grass	222000
7	3	oak	2372800
7	3	pine	1052000
7	3	shrub	830200
7	3	urban	35700
7	3	water	443900
7	4	crop	2018500
7	4	grass	221900
7	4	oak	2358000
7	4	pine	1033300
7	4	shrub	826400
7	4	urban	35700
7	4	water	443900
7	5	crop	2024000
7	5	grass	222100
7	5	oak	2365800
7	5	pine	1043800
7	5	shrub	829300
7	5	urban	35700
7	5	water	443900
7	6	crop	2023200
7	6	grass	222200
7	6	oak	2371000
7	6	pine	1046700
7	6	shrub	827300
7	6	urban	35700
7	6	water	443900
7	7	crop	2028400
7	7	grass	222200
7	7	oak	2367800
7	7	pine	1046500
7	7	shrub	828500
7	7	urban	35700
7	7	water	443900
7	8	crop	2032800
7	8	grass	222600
7	8	oak	2370000
7	8	pine	1047000
7	8	shrub	828800
7	8	urban	35700
7	8	water	443900
7	9	crop	2036200
7	9	grass	222700
7	9	oak	2374500
7	9	pine	1052800
7	9	shrub	830000
7	9	urban	35700
7	9	water	443900
7	10	crop	2036800
7	10	grass	222600
7	10	oak	2373600
7	10	pine	1052700
7	10	shrub	829900
7	10	urban	35700
7	10	water	443900
7	11	crop	2023600
7	11	grass	221100
7	11	oak	2358000
7	11	pine	1034700
7	11	shrub	826600
7	11	urban	35700
7	11	water	443900
7	12	crop	2034400
7	12	grass	222500
7	12	oak	2373800
7	12	pine	1050500
7	12	shrub	829200
7	12	urban	35700
7	12	water	443900
7	13	crop	2033500
7	13	grass	222400
7	13	oak	2374700
7	13	pine	1052200
7	13	shrub	829500
7	13	urban	35700
7	13	water	443900
7	14	crop	2026300
7	14	grass	221700
7	14	oak	2364500
7	14	pine	1044900
7	14	shrub	828500
7	14	urban	35700
7	14	water	443900
7	15	crop	2025800
7	15	grass	221300
7	15	oak	2366500
7	15	pine	1050700
7	15	shrub	829700
7	15	urban	35700
7	15	water	443900
7	16	crop	2030300
7	16	grass	222500
7	16	oak	2375200
7	16	pine	1048500
7	16	shrub	828900
7	16	urban	35700
7	16	water	443900
7	17	crop	2017700
7	17	grass	222000
7	17	oak	2365600
7	17	pine	1042500
7	17	shrub	826800
7	17	urban	35700
7	17	water	443900
7	18	crop	2033500
7	18	grass	222500
7	18	oak	2373800
7	18	pine	1051700
7	18	shrub	828800
7	18	urban	35700
7	18	water	443900
7	19	crop	2040600
7	19	grass	222700
7	19	oak	2376500
7	19	pine	1054900
7	19	shrub	830700
7	19	urban	35700
7	19	water	443900
7	20	crop	2034800
7	20	grass	222300
7	20	oak	2373200
7	20	pine	1051800
7	20	shrub	830300
7	20	urban	35700
7	20	water	443900
8	1	crop	2034700
8	1	grass	222500
8	1	oak	2370400
8	1	pine	1049000
8	1	shrub	829200
8	1	urban	35700
8	1	water	443900
8	2	crop	2034800
8	2	grass	222400
8	2	oak	2374900
8	2	pine	1050700
8	2	shrub	828800
8	2	urban	35700
8	2	water	443900
8	3	crop	2033300
8	3	grass	221500
8	3	oak	2371100
8	3	pine	1051100
8	3	shrub	829700
8	3	urban	35700
8	3	water	443900
8	4	crop	2037800
8	4	grass	222200
8	4	oak	2374000
8	4	pine	1053400
8	4	shrub	830700
8	4	urban	35700
8	4	water	443900
8	5	crop	2040600
8	5	grass	222800
8	5	oak	2376400
8	5	pine	1054500
8	5	shrub	830400
8	5	urban	35700
8	5	water	443900
8	6	crop	2014900
8	6	grass	221200
8	6	oak	2351800
8	6	pine	1030900
8	6	shrub	825500
8	6	urban	35700
8	6	water	443900
8	7	crop	2040100
8	7	grass	222800
8	7	oak	2374900
8	7	pine	1053800
8	7	shrub	830300
8	7	urban	35700
8	7	water	443900
8	8	crop	2035300
8	8	grass	222400
8	8	oak	2370500
8	8	pine	1050000
8	8	shrub	829000
8	8	urban	35700
8	8	water	443900
8	9	crop	2038100
8	9	grass	222600
8	9	oak	2374700
8	9	pine	1053600
8	9	shrub	830000
8	9	urban	35700
8	9	water	443900
8	10	crop	2033200
8	10	grass	222400
8	10	oak	2371400
8	10	pine	1050300
8	10	shrub	829400
8	10	urban	35700
8	10	water	443900
8	11	crop	2040600
8	11	grass	222800
8	11	oak	2376300
8	11	pine	1053800
8	11	shrub	830500
8	11	urban	35700
8	11	water	443900
8	12	crop	2035100
8	12	grass	222700
8	12	oak	2371000
8	12	pine	1048300
8	12	shrub	828800
8	12	urban	35700
8	12	water	443900
8	13	crop	2040400
8	13	grass	222700
8	13	oak	2375600
8	13	pine	1053600
8	13	shrub	830500
8	13	urban	35700
8	13	water	443900
8	14	crop	2035200
8	14	grass	222600
8	14	oak	2373600
8	14	pine	1050800
8	14	shrub	830000
8	14	urban	35700
8	14	water	443900
8	15	crop	2034700
8	15	grass	222400
8	15	oak	2370400
8	15	pine	1047200
8	15	shrub	829300
8	15	urban	35700
8	15	water	443900
8	16	crop	2025200
8	16	grass	222600
8	16	oak	2370500
8	16	pine	1045800
8	16	shrub	827400
8	16	urban	35700
8	16	water	443900
8	17	crop	2019200
8	17	grass	222600
8	17	oak	2372100
8	17	pine	1042200
8	17	shrub	826200
8	17	urban	35700
8	17	water	443900
8	18	crop	2036600
8	18	grass	222400
8	18	oak	2371700
8	18	pine	1051900
8	18	shrub	830200
8	18	urban	35700
8	18	water	443900
8	19	crop	2033200
8	19	grass	222100
8	19	oak	2372600
8	19	pine	1051200
8	19	shrub	829300
8	19	urban	35700
8	19	water	443900
8	20	crop	2018800
8	20	grass	221700
8	20	oak	2352800
8	20	pine	1035000
8	20	shrub	825700
8	20	urban	35700
8	20	water	443900
9	1	crop	2034100
9	1	grass	222300
9	1	oak	2371300
9	1	pine	1049700
9	1	shrub	830000
9	1	urban	35700
9	1	water	443900
9	2	crop	2024100
9	2	grass	222000
9	2	oak	2370700
9	2	pine	1047600
9	2	shrub	828500
9	2	urban	35700
9	2	water	443900
9	3	crop	2041000
9	3	grass	222700
9	3	oak	2377200
9	3	pine	1054600
9	3	shrub	830500
9	3	urban	35700
9	3	water	443900
9	4	crop	2039700
9	4	grass	222700
9	4	oak	2376300
9	4	pine	1053600
9	4	shrub	830800
9	4	urban	35700
9	4	water	443900
9	5	crop	2036500
9	5	grass	222500
9	5	oak	2371900
9	5	pine	1052800
9	5	shrub	829300
9	5	urban	35700
9	5	water	443900
9	6	crop	2039600
9	6	grass	222300
9	6	oak	2376000
9	6	pine	1054600
9	6	shrub	830500
9	6	urban	35700
9	6	water	443900
9	7	crop	2033600
9	7	grass	222300
9	7	oak	2373900
9	7	pine	1050900
9	7	shrub	829300
9	7	urban	35700
9	7	water	443900
9	8	crop	2037800
9	8	grass	222700
9	8	oak	2375000
9	8	pine	1051400
9	8	shrub	829600
9	8	urban	35700
9	8	water	443900
9	9	crop	2033900
9	9	grass	222500
9	9	oak	2375000
9	9	pine	1051800
9	9	shrub	829200
9	9	urban	35700
9	9	water	443900
9	10	crop	2037300
9	10	grass	222500
9	10	oak	2374700
9	10	pine	1053100
9	10	shrub	829400
9	10	urban	35700
9	10	water	443900
9	11	crop	2036700
9	11	grass	222200
9	11	oak	2375300
9	11	pine	1052700
9	11	shrub	830400
9	11	urban	35700
9	11	water	443900
9	12	crop	2036100
9	12	grass	222800
9	12	oak	2375700
9	12	pine	1052400
9	12	shrub	828900
9	12	urban	35700
9	12	water	443900
9	13	crop	2036700
9	13	grass	222300
9	13	oak	2371400
9	13	pine	1052400
9	13	shrub	829400
9	13	urban	35700
9	13	water	443900
9	14	crop	2035400
9	14	grass	221700
9	14	oak	2371800
9	14	pine	1051500
9	14	shrub	829900
9	14	urban	35700
9	14	water	443900
9	15	crop	2035100
9	15	grass	222300
9	15	oak	2372100
9	15	pine	1050400
9	15	shrub	829500
9	15	urban	35700
9	15	water	443900
9	16	crop	2040700
9	16	grass	222300
9	16	oak	2374900
9	16	pine	1054200
9	16	shrub	830600
9	16	urban	35700
9	16	water	443900
9	17	crop	2036600
9	17	grass	222300
9	17	oak	2374300
9	17	pine	1052400
9	17	shrub	829800
9	17	urban	35700
9	17	water	443900
9	18	crop	2038000
9	18	grass	222000
9	18	oak	2374000
9	18	pine	1053000
9	18	shrub	830000
9	18	urban	35700
9	18	water	443900
9	19	crop	2032300
9	19	grass	222200
9	19	oak	2367400
9	19	pine	1046400
9	19	shrub	828400
9	19	urban	35700
9	19	water	443900
9	20	crop	2040300
9	20	grass	222600
9	20	oak	2375800
9	20	pine	1053700
9	20	shrub	830600
9	20	urban	35700
9	20	water	443900
10	1	crop	2039100
10	1	grass	222400
10	1	oak	2375900
10	1	pine	1054300
10	1	shrub	830600
10	1	urban	35700
10	1	water	443900
10	2	crop	2021900
10	2	grass	222100
10	2	oak	2369300
10	2	pine	1043400
10	2	shrub	827100
10	2	urban	35700
10	2	water	443900
10	3	crop	2041400
10	3	grass	222800
10	3	oak	2376900
10	3	pine	1054600
10	3	shrub	830400
10	3	urban	35700
10	3	water	443900
10	4	crop	2039300
10	4	grass	222500
10	4	oak	2376100
10	4	pine	1053300
10	4	shrub	830300
10	4	urban	35700
10	4	water	443900
10	5	crop	2039400
10	5	grass	222700
10	5	oak	2375500
10	5	pine	1052700
10	5	shrub	830800
10	5	urban	35700
10	5	water	443900
10	6	crop	2037700
10	6	grass	222300
10	6	oak	2373800
10	6	pine	1052100
10	6	shrub	829600
10	6	urban	35700
10	6	water	443900
10	7	crop	2019700
10	7	grass	220800
10	7	oak	2362600
10	7	pine	1048100
10	7	shrub	827800
10	7	urban	35700
10	7	water	443900
10	8	crop	2017900
10	8	grass	222000
10	8	oak	2369200
10	8	pine	1039200
10	8	shrub	826500
10	8	urban	35700
10	8	water	443900
10	9	crop	2036400
10	9	grass	222400
10	9	oak	2374100
10	9	pine	1052600
10	9	shrub	829700
10	9	urban	35700
10	9	water	443900
10	10	crop	2036500
10	10	grass	222200
10	10	oak	2372800
10	10	pine	1050100
10	10	shrub	829900
10	10	urban	35700
10	10	water	443900
10	11	crop	2038500
10	11	grass	222400
10	11	oak	2373900
10	11	pine	1052900
10	11	shrub	830300
10	11	urban	35700
10	11	water	443900
10	12	crop	2041700
10	12	grass	222800
10	12	oak	2376700
10	12	pine	1055000
10	12	shrub	830400
10	12	urban	35700
10	12	water	443900
10	13	crop	2022300
10	13	grass	221400
10	13	oak	2365400
10	13	pine	1048800
10	13	shrub	828400
10	13	urban	35700
10	13	water	443900
10	14	crop	2038100
10	14	grass	222200
10	14	oak	2375000
10	14	pine	1053700
10	14	shrub	829800
10	14	urban	35700
10	14	water	443900
10	15	crop	2031900
10	15	grass	222200
10	15	oak	2371600
10	15	pine	1052300
10	15	shrub	830000
10	15	urban	35700
10	15	water	443900
10	16	crop	2030200
10	16	grass	222600
10	16	oak	2375100
10	16	pine	1049300
10	16	shrub	828800
10	16	urban	35700
10	16	water	443900
10	17	crop	2031500
10	17	grass	222100
10	17	oak	2368500
10	17	pine	1048500
10	17	shrub	829100
10	17	urban	35700
10	17	water	443900
10	18	crop	2038800
10	18	grass	222200
10	18	oak	2373900
10	18	pine	1053700
10	18	shrub	829700
10	18	urban	35700
10	18	water	443900
10	19	crop	2037700
10	19	grass	222600
10	19	oak	2373900
10	19	pine	1053700
10	19	shrub	830200
10	19	urban	35700
10	19	water	443900
10	20	crop	2025900
10	20	grass	222300
10	20	oak	2362700
10	20	pine	1036400
10	20	shrub	827800
10	20	urban	35700
10	20	water	443900
11	1	crop	2041300
11	1	grass	222800
11	1	oak	2376700
11	1	pine	1054400
11	1	shrub	830300
11	1	urban	35700
11	1	water	443900
11	2	crop	2035300
11	2	grass	222500
11	2	oak	2373900
11	2	pine	1053900
11	2	shrub	829800
11	2	urban	35700
11	2	water	443900
11	3	crop	2029000
11	3	grass	221700
11	3	oak	2367600
11	3	pine	1043600
11	3	shrub	828800
11	3	urban	35700
11	3	water	443900
11	4	crop	2042000
11	4	grass	222800
11	4	oak	2377300
11	4	pine	1054600
11	4	shrub	830800
11	4	urban	35700
11	4	water	443900
11	5	crop	2033200
11	5	grass	222500
11	5	oak	2375200
11	5	pine	1051700
11	5	shrub	829700
11	5	urban	35700
11	5	water	443900
11	6	crop	2016100
11	6	grass	220600
11	6	oak	2365600
11	6	pine	1045800
11	6	shrub	827300
11	6	urban	35700
11	6	water	443900
11	7	crop	2035100
11	7	grass	222700
11	7	oak	2373900
11	7	pine	1051400
11	7	shrub	829500
11	7	urban	35700
11	7	water	443900
11	8	crop	2039900
11	8	grass	222800
11	8	oak	2377400
11	8	pine	1054300
11	8	shrub	830400
11	8	urban	35700
11	8	water	443900
11	9	crop	2023800
11	9	grass	221400
11	9	oak	2368300
11	9	pine	1049500
11	9	shrub	829300
11	9	urban	35700
11	9	water	443900
11	10	crop	2038100
11	10	grass	222200
11	10	oak	2373700
11	10	pine	1053700
11	10	shrub	829900
11	10	urban	35700
11	10	water	443900
11	11	crop	2025900
11	11	grass	220900
11	11	oak	2366600
11	11	pine	1048900
11	11	shrub	829300
11	11	urban	35700
11	11	water	443900
11	12	crop	2035500
11	12	grass	222500
11	12	oak	2373600
11	12	pine	1053300
11	12	shrub	829500
11	12	urban	35700
11	12	water	443900
11	13	crop	2039200
11	13	grass	222500
11	13	oak	2375300
11	13	pine	1053500
11	13	shrub	830300
11	13	urban	35700
11	13	water	443900
11	14	crop	2024800
11	14	grass	221200
11	14	oak	2367900
11	14	pine	1050000
11	14	shrub	829500
11	14	urban	35700
11	14	water	443900
11	15	crop	2037100
11	15	grass	222000
11	15	oak	2374000
11	15	pine	1053200
11	15	shrub	830100
11	15	urban	35700
11	15	water	443900
11	16	crop	2039900
11	16	grass	222800
11	16	oak	2375000
11	16	pine	1053700
11	16	shrub	830700
11	16	urban	35700
11	16	water	443900
11	17	crop	2042500
11	17	grass	222700
11	17	oak	2377300
11	17	pine	1055100
11	17	shrub	830800
11	17	urban	35700
11	17	water	443900
11	18	crop	2016900
11	18	grass	221300
11	18	oak	2352800
11	18	pine	1034200
11	18	shrub	825900
11	18	urban	35700
11	18	water	443900
11	19	crop	2033500
11	19	grass	222200
11	19	oak	2370200
11	19	pine	1047800
11	19	shrub	829400
11	19	urban	35700
11	19	water	443900
11	20	crop	2035800
11	20	grass	222400
11	20	oak	2372600
11	20	pine	1048900
11	20	shrub	829800
11	20	urban	35700
11	20	water	443900
12	1	crop	2032700
12	1	grass	222200
12	1	oak	2371500
12	1	pine	1050000
12	1	shrub	828500
12	1	urban	35700
12	1	water	443900
12	2	crop	2042400
12	2	grass	222800
12	2	oak	2377200
12	2	pine	1055000
12	2	shrub	830800
12	2	urban	35700
12	2	water	443900
12	3	crop	2037500
12	3	grass	222500
12	3	oak	2374100
12	3	pine	1053600
12	3	shrub	830500
12	3	urban	35700
12	3	water	443900
12	4	crop	2022800
12	4	grass	221700
12	4	oak	2360800
12	4	pine	1039500
12	4	shrub	827500
12	4	urban	35700
12	4	water	443900
12	5	crop	2038400
12	5	grass	222700
12	5	oak	2374300
12	5	pine	1053100
12	5	shrub	830100
12	5	urban	35700
12	5	water	443900
12	6	crop	2031500
12	6	grass	222100
12	6	oak	2369200
12	6	pine	1046000
12	6	shrub	828500
12	6	urban	35700
12	6	water	443900
12	7	crop	2036200
12	7	grass	222300
12	7	oak	2373000
12	7	pine	1051000
12	7	shrub	829800
12	7	urban	35700
12	7	water	443900
12	8	crop	2040300
12	8	grass	222200
12	8	oak	2375600
12	8	pine	1054800
12	8	shrub	830300
12	8	urban	35700
12	8	water	443900
12	9	crop	2038900
12	9	grass	222600
12	9	oak	2375400
12	9	pine	1054400
12	9	shrub	830300
12	9	urban	35700
12	9	water	443900
12	10	crop	2035200
12	10	grass	222200
12	10	oak	2373900
12	10	pine	1054000
12	10	shrub	830000
12	10	urban	35700
12	10	water	443900
12	11	crop	2034400
12	11	grass	221500
12	11	oak	2371000
12	11	pine	1050200
12	11	shrub	829800
12	11	urban	35700
12	11	water	443900
12	12	crop	2022600
12	12	grass	222000
12	12	oak	2362400
12	12	pine	1037700
12	12	shrub	827200
12	12	urban	35700
12	12	water	443900
12	13	crop	2038900
12	13	grass	222500
12	13	oak	2375300
12	13	pine	1054100
12	13	shrub	830000
12	13	urban	35700
12	13	water	443900
12	14	crop	2033700
12	14	grass	222500
12	14	oak	2372800
12	14	pine	1049600
12	14	shrub	829700
12	14	urban	35700
12	14	water	443900
12	15	crop	2034800
12	15	grass	222200
12	15	oak	2372400
12	15	pine	1052500
12	15	shrub	829600
12	15	urban	35700
12	15	water	443900
12	16	crop	2038400
12	16	grass	222400
12	16	oak	2375100
12	16	pine	1053900
12	16	shrub	830200
12	16	urban	35700
12	16	water	443900
12	17	crop	2018900
12	17	grass	221700
12	17	oak	2353900
12	17	pine	1033100
12	17	shrub	826400
12	17	urban	35700
12	17	water	443900
12	18	crop	2030100
12	18	grass	222100
12	18	oak	2370600
12	18	pine	1047200
12	18	shrub	829500
12	18	urban	35700
12	18	water	443900
12	19	crop	2032600
12	19	grass	222100
12	19	oak	2368900
12	19	pine	1051200
12	19	shrub	830100
12	19	urban	35700
12	19	water	443900
12	20	crop	2034600
12	20	grass	222100
12	20	oak	2368900
12	20	pine	1049100
12	20	shrub	829400
12	20	urban	35700
12	20	water	443900
13	1	crop	2035900
13	1	grass	222500
13	1	oak	2369700
13	1	pine	1049300
13	1	shrub	829300
13	1	urban	35700
13	1	water	443900
13	2	crop	2041100
13	2	grass	222800
13	2	oak	2377300
13	2	pine	1054800
13	2	shrub	830700
13	2	urban	35700
13	2	water	443900
13	3	crop	2035200
13	3	grass	222500
13	3	oak	2375400
13	3	pine	1052900
13	3	shrub	829000
13	3	urban	35700
13	3	water	443900
13	4	crop	2038400
13	4	grass	222200
13	4	oak	2375200
13	4	pine	1053900
13	4	shrub	830400
13	4	urban	35700
13	4	water	443900
13	5	crop	2037400
13	5	grass	222700
13	5	oak	2374400
13	5	pine	1052200
13	5	shrub	829600
13	5	urban	35700
13	5	water	443900
13	6	crop	2027400
13	6	grass	222600
13	6	oak	2372900
13	6	pine	1049300
13	6	shrub	829500
13	6	urban	35700
13	6	water	443900
13	7	crop	2038600
13	7	grass	222700
13	7	oak	2374700
13	7	pine	1052300
13	7	shrub	830400
13	7	urban	35700
13	7	water	443900
13	8	crop	2038800
13	8	grass	222500
13	8	oak	2374700
13	8	pine	1053200
13	8	shrub	830400
13	8	urban	35700
13	8	water	443900
13	9	crop	2018600
13	9	grass	221100
13	9	oak	2355500
13	9	pine	1037400
13	9	shrub	826800
13	9	urban	35700
13	9	water	443900
13	10	crop	2041100
13	10	grass	222600
13	10	oak	2375500
13	10	pine	1054800
13	10	shrub	830700
13	10	urban	35700
13	10	water	443900
13	11	crop	2036300
13	11	grass	222700
13	11	oak	2374100
13	11	pine	1051300
13	11	shrub	828900
13	11	urban	35700
13	11	water	443900
13	12	crop	2023500
13	12	grass	221800
13	12	oak	2359300
13	12	pine	1038200
13	12	shrub	827000
13	12	urban	35700
13	12	water	443900
13	13	crop	2038600
13	13	grass	222400
13	13	oak	2374600
13	13	pine	1054000
13	13	shrub	829900
13	13	urban	35700
13	13	water	443900
13	14	crop	2040200
13	14	grass	222700
13	14	oak	2376200
13	14	pine	1054200
13	14	shrub	830500
13	14	urban	35700
13	14	water	443900
13	15	crop	2039800
13	15	grass	222600
13	15	oak	2375700
13	15	pine	1052700
13	15	shrub	830500
13	15	urban	35700
13	15	water	443900
13	16	crop	2036600
13	16	grass	222200
13	16	oak	2375300
13	16	pine	1052900
13	16	shrub	830200
13	16	urban	35700
13	16	water	443900
13	17	crop	2032500
13	17	grass	222200
13	17	oak	2368800
13	17	pine	1049600
13	17	shrub	829800
13	17	urban	35700
13	17	water	443900
13	18	crop	2037800
13	18	grass	222400
13	18	oak	2374600
13	18	pine	1052700
13	18	shrub	829900
13	18	urban	35700
13	18	water	443900
13	19	crop	2032900
13	19	grass	222500
13	19	oak	2373900
13	19	pine	1052100
13	19	shrub	830000
13	19	urban	35700
13	19	water	443900
13	20	crop	2041000
13	20	grass	222800
13	20	oak	2375500
13	20	pine	1053500
13	20	shrub	830700
13	20	urban	35700
13	20	water	443900
14	1	crop	2041200
14	1	grass	222700
14	1	oak	2376600
14	1	pine	1054600
14	1	shrub	830300
14	1	urban	35700
14	1	water	443900
14	2	crop	2037500
14	2	grass	222300
14	2	oak	2375000
14	2	pine	1053700
14	2	shrub	830000
14	2	urban	35700
14	2	water	443900
14	3	crop	2030700
14	3	grass	222200
14	3	oak	2373400
14	3	pine	1049900
14	3	shrub	829700
14	3	urban	35700
14	3	water	443900
14	4	crop	2034200
14	4	grass	222200
14	4	oak	2371300
14	4	pine	1050000
14	4	shrub	829300
14	4	urban	35700
14	4	water	443900
14	5	crop	2037200
14	5	grass	222600
14	5	oak	2375900
14	5	pine	1054200
14	5	shrub	830100
14	5	urban	35700
14	5	water	443900
14	6	crop	2037600
14	6	grass	222700
14	6	oak	2373300
14	6	pine	1053000
14	6	shrub	830300
14	6	urban	35700
14	6	water	443900
14	7	crop	2020100
14	7	grass	222000
14	7	oak	2367700
14	7	pine	1049100
14	7	shrub	829000
14	7	urban	35700
14	7	water	443900
14	8	crop	2025400
14	8	grass	222500
14	8	oak	2371800
14	8	pine	1048800
14	8	shrub	828400
14	8	urban	35700
14	8	water	443900
14	9	crop	2037700
14	9	grass	222700
14	9	oak	2374700
14	9	pine	1052400
14	9	shrub	830300
14	9	urban	35700
14	9	water	443900
14	10	crop	2033900
14	10	grass	222500
14	10	oak	2372400
14	10	pine	1049500
14	10	shrub	829600
14	10	urban	35700
14	10	water	443900
14	11	crop	2035800
14	11	grass	222100
14	11	oak	2373300
14	11	pine	1053900
14	11	shrub	830400
14	11	urban	35700
14	11	water	443900
14	12	crop	2039200
14	12	grass	222500
14	12	oak	2375000
14	12	pine	1054500
14	12	shrub	830400
14	12	urban	35700
14	12	water	443900
14	13	crop	2036800
14	13	grass	222200
14	13	oak	2374000
14	13	pine	1053500
14	13	shrub	830400
14	13	urban	35700
14	13	water	443900
14	14	crop	2037000
14	14	grass	222500
14	14	oak	2373000
14	14	pine	1053300
14	14	shrub	830100
14	14	urban	35700
14	14	water	443900
14	15	crop	2038300
14	15	grass	222800
14	15	oak	2375400
14	15	pine	1053000
14	15	shrub	830300
14	15	urban	35700
14	15	water	443900
14	16	crop	2034700
14	16	grass	222100
14	16	oak	2374400
14	16	pine	1053100
14	16	shrub	830100
14	16	urban	35700
14	16	water	443900
14	17	crop	2034400
14	17	grass	222100
14	17	oak	2370700
14	17	pine	1048700
14	17	shrub	829500
14	17	urban	35700
14	17	water	443900
14	18	crop	2021600
14	18	grass	221300
14	18	oak	2358200
14	18	pine	1036800
14	18	shrub	827700
14	18	urban	35700
14	18	water	443900
14	19	crop	2034900
14	19	grass	222500
14	19	oak	2370900
14	19	pine	1051800
14	19	shrub	829500
14	19	urban	35700
14	19	water	443900
14	20	crop	2040100
14	20	grass	222800
14	20	oak	2375400
14	20	pine	1054200
14	20	shrub	830600
14	20	urban	35700
14	20	water	443900
15	1	crop	2039300
15	1	grass	222400
15	1	oak	2375800
15	1	pine	1053600
15	1	shrub	830300
15	1	urban	35700
15	1	water	443900
15	2	crop	2030700
15	2	grass	222300
15	2	oak	2365900
15	2	pine	1045500
15	2	shrub	829100
15	2	urban	35700
15	2	water	443900
15	3	crop	2038800
15	3	grass	222500
15	3	oak	2374000
15	3	pine	1052000
15	3	shrub	829900
15	3	urban	35700
15	3	water	443900
15	4	crop	2039100
15	4	grass	222800
15	4	oak	2375200
15	4	pine	1052200
15	4	shrub	830300
15	4	urban	35700
15	4	water	443900
15	5	crop	2034900
15	5	grass	222200
15	5	oak	2373800
15	5	pine	1052800
15	5	shrub	829900
15	5	urban	35700
15	5	water	443900
15	6	crop	2031500
15	6	grass	222200
15	6	oak	2369200
15	6	pine	1048900
15	6	shrub	828900
15	6	urban	35700
15	6	water	443900
15	7	crop	2039500
15	7	grass	222700
15	7	oak	2374900
15	7	pine	1052700
15	7	shrub	830300
15	7	urban	35700
15	7	water	443900
15	8	crop	2040100
15	8	grass	222600
15	8	oak	2376500
15	8	pine	1053400
15	8	shrub	830000
15	8	urban	35700
15	8	water	443900
15	9	crop	2036600
15	9	grass	222600
15	9	oak	2376200
15	9	pine	1052100
15	9	shrub	830300
15	9	urban	35700
15	9	water	443900
15	10	crop	2039000
15	10	grass	222300
15	10	oak	2376200
15	10	pine	1052800
15	10	shrub	830000
15	10	urban	35700
15	10	water	443900
15	11	crop	2038700
15	11	grass	222700
15	11	oak	2375600
15	11	pine	1052300
15	11	shrub	830200
15	11	urban	35700
15	11	water	443900
15	12	crop	2039300
15	12	grass	222600
15	12	oak	2375700
15	12	pine	1054000
15	12	shrub	830400
15	12	urban	35700
15	12	water	443900
15	13	crop	2035100
15	13	grass	222600
15	13	oak	2374800
15	13	pine	1051300
15	13	shrub	829500
15	13	urban	35700
15	13	water	443900
15	14	crop	2033800
15	14	grass	222800
15	14	oak	2371800
15	14	pine	1051100
15	14	shrub	829200
15	14	urban	35700
15	14	water	443900
15	15	crop	2032700
15	15	grass	222300
15	15	oak	2372000
15	15	pine	1052600
15	15	shrub	829800
15	15	urban	35700
15	15	water	443900
15	16	crop	2030500
15	16	grass	222400
15	16	oak	2371700
15	16	pine	1048800
15	16	shrub	829400
15	16	urban	35700
15	16	water	443900
15	17	crop	2024800
15	17	grass	222700
15	17	oak	2374700
15	17	pine	1046100
15	17	shrub	827200
15	17	urban	35700
15	17	water	443900
15	18	crop	2039400
15	18	grass	222700
15	18	oak	2375400
15	18	pine	1052500
15	18	shrub	830100
15	18	urban	35700
15	18	water	443900
15	19	crop	2023000
15	19	grass	222200
15	19	oak	2357100
15	19	pine	1037900
15	19	shrub	827000
15	19	urban	35700
15	19	water	443900
15	20	crop	2040500
15	20	grass	222200
15	20	oak	2375500
15	20	pine	1054800
15	20	shrub	830500
15	20	urban	35700
15	20	water	443900
16	1	crop	2021600
16	1	grass	220100
16	1	oak	2362400
16	1	pine	1047300
16	1	shrub	828500
16	1	urban	35700
16	1	water	443900
16	2	crop	2038100
16	2	grass	222600
16	2	oak	2374200
16	2	pine	1052300
16	2	shrub	829800
16	2	urban	35700
16	2	water	443900
16	3	crop	2041000
16	3	grass	222700
16	3	oak	2377200
16	3	pine	1054600
16	3	shrub	830400
16	3	urban	35700
16	3	water	443900
16	4	crop	2030500
16	4	grass	222600
16	4	oak	2371600
16	4	pine	1047900
16	4	shrub	828900
16	4	urban	35700
16	4	water	443900
16	5	crop	2034400
16	5	grass	222700
16	5	oak	2371200
16	5	pine	1050300
16	5	shrub	829800
16	5	urban	35700
16	5	water	443900
16	6	crop	2027500
16	6	grass	222200
16	6	oak	2367200
16	6	pine	1044100
16	6	shrub	828600
16	6	urban	35700
16	6	water	443900
16	7	crop	2036100
16	7	grass	222800
16	7	oak	2376600
16	7	pine	1052500
16	7	shrub	829700
16	7	urban	35700
16	7	water	443900
16	8	crop	2038000
16	8	grass	222700
16	8	oak	2376400
16	8	pine	1053300
16	8	shrub	829700
16	8	urban	35700
16	8	water	443900
16	9	crop	2039600
16	9	grass	222700
16	9	oak	2375800
16	9	pine	1054400
16	9	shrub	830500
16	9	urban	35700
16	9	water	443900
16	10	crop	2032400
16	10	grass	222200
16	10	oak	2371700
16	10	pine	1051100
16	10	shrub	829500
16	10	urban	35700
16	10	water	443900
16	11	crop	2033100
16	11	grass	222400
16	11	oak	2370400
16	11	pine	1048700
16	11	shrub	829500
16	11	urban	35700
16	11	water	443900
16	12	crop	2029900
16	12	grass	222000
16	12	oak	2365600
16	12	pine	1044100
16	12	shrub	829100
16	12	urban	35700
16	12	water	443900
16	13	crop	2039000
16	13	grass	221600
16	13	oak	2375300
16	13	pine	1054400
16	13	shrub	830500
16	13	urban	35700
16	13	water	443900
16	14	crop	2039200
16	14	grass	222700
16	14	oak	2373200
16	14	pine	1052000
16	14	shrub	830300
16	14	urban	35700
16	14	water	443900
16	15	crop	2039400
16	15	grass	222600
16	15	oak	2375200
16	15	pine	1054400
16	15	shrub	830200
16	15	urban	35700
16	15	water	443900
16	16	crop	2042000
16	16	grass	222700
16	16	oak	2376200
16	16	pine	1054600
16	16	shrub	830600
16	16	urban	35700
16	16	water	443900
16	17	crop	2038000
16	17	grass	222400
16	17	oak	2374300
16	17	pine	1053600
16	17	shrub	829900
16	17	urban	35700
16	17	water	443900
16	18	crop	2033800
16	18	grass	222300
16	18	oak	2371500
16	18	pine	1048900
16	18	shrub	829700
16	18	urban	35700
16	18	water	443900
16	19	crop	2041700
16	19	grass	222800
16	19	oak	2377000
16	19	pine	1054700
16	19	shrub	830600
16	19	urban	35700
16	19	water	443900
16	20	crop	2031700
16	20	grass	222200
16	20	oak	2374500
16	20	pine	1051800
16	20	shrub	829500
16	20	urban	35700
16	20	water	443900
17	1	crop	2017100
17	1	grass	222200
17	1	oak	2350000
17	1	pine	1030200
17	1	shrub	825900
17	1	urban	35700
17	1	water	443900
17	2	crop	2017800
17	2	grass	221400
17	2	oak	2366800
17	2	pine	1049500
17	2	shrub	828800
17	2	urban	35700
17	2	water	443900
17	3	crop	2039000
17	3	grass	222600
17	3	oak	2374700
17	3	pine	1052900
17	3	shrub	829700
17	3	urban	35700
17	3	water	443900
17	4	crop	2040200
17	4	grass	222700
17	4	oak	2376300
17	4	pine	1054400
17	4	shrub	830300
17	4	urban	35700
17	4	water	443900
17	5	crop	2019900
17	5	grass	221600
17	5	oak	2355700
17	5	pine	1035400
17	5	shrub	826900
17	5	urban	35700
17	5	water	443900
17	6	crop	2038200
17	6	grass	222400
17	6	oak	2374700
17	6	pine	1053800
17	6	shrub	830200
17	6	urban	35700
17	6	water	443900
17	7	crop	2031500
17	7	grass	221700
17	7	oak	2367300
17	7	pine	1048000
17	7	shrub	828500
17	7	urban	35700
17	7	water	443900
17	8	crop	2033000
17	8	grass	222200
17	8	oak	2371800
17	8	pine	1050900
17	8	shrub	829800
17	8	urban	35700
17	8	water	443900
17	9	crop	2037900
17	9	grass	222600
17	9	oak	2374300
17	9	pine	1052100
17	9	shrub	830200
17	9	urban	35700
17	9	water	443900
17	10	crop	2041500
17	10	grass	222700
17	10	oak	2377200
17	10	pine	1054800
17	10	shrub	830600
17	10	urban	35700
17	10	water	443900
17	11	crop	2035700
17	11	grass	222700
17	11	oak	2375100
17	11	pine	1051800
17	11	shrub	829600
17	11	urban	35700
17	11	water	443900
17	12	crop	2034900
17	12	grass	222400
17	12	oak	2373600
17	12	pine	1050200
17	12	shrub	829200
17	12	urban	35700
17	12	water	443900
17	13	crop	2026100
17	13	grass	221600
17	13	oak	2364800
17	13	pine	1042900
17	13	shrub	827700
17	13	urban	35700
17	13	water	443900
17	14	crop	2031600
17	14	grass	222100
17	14	oak	2370900
17	14	pine	1049800
17	14	shrub	829200
17	14	urban	35700
17	14	water	443900
17	15	crop	2038900
17	15	grass	222100
17	15	oak	2373700
17	15	pine	1053900
17	15	shrub	830400
17	15	urban	35700
17	15	water	443900
17	16	crop	2029500
17	16	grass	221800
17	16	oak	2368200
17	16	pine	1046000
17	16	shrub	828800
17	16	urban	35700
17	16	water	443900
17	17	crop	2038900
17	17	grass	222400
17	17	oak	2374100
17	17	pine	1053500
17	17	shrub	830200
17	17	urban	35700
17	17	water	443900
17	18	crop	2037800
17	18	grass	222100
17	18	oak	2374300
17	18	pine	1054100
17	18	shrub	829900
17	18	urban	35700
17	18	water	443900
17	19	crop	2036300
17	19	grass	222400
17	19	oak	2375500
17	19	pine	1051600
17	19	shrub	829800
17	19	urban	35700
17	19	water	443900
17	20	crop	2039300
17	20	grass	222600
17	20	oak	2375100
17	20	pine	1053300
17	20	shrub	830200
17	20	urban	35700
17	20	water	443900
18	1	crop	2038200
18	1	grass	222600
18	1	oak	2373300
18	1	pine	1052900
18	1	shrub	829500
18	1	urban	35700
18	1	water	443900
18	2	crop	2031900
18	2	grass	221900
18	2	oak	2372400
18	2	pine	1051100
18	2	shrub	829200
18	2	urban	35700
18	2	water	443900
18	3	crop	2029400
18	3	grass	221900
18	3	oak	2367800
18	3	pine	1047700
18	3	shrub	828700
18	3	urban	35700
18	3	water	443900
18	4	crop	2032800
18	4	grass	222000
18	4	oak	2372100
18	4	pine	1051100
18	4	shrub	830200
18	4	urban	35700
18	4	water	443900
18	5	crop	2036000
18	5	grass	222000
18	5	oak	2372500
18	5	pine	1052600
18	5	shrub	830000
18	5	urban	35700
18	5	water	443900
18	6	crop	2033300
18	6	grass	222500
18	6	oak	2373300
18	6	pine	1052400
18	6	shrub	829300
18	6	urban	35700
18	6	water	443900
18	7	crop	2034700
18	7	grass	221800
18	7	oak	2371800
18	7	pine	1051100
18	7	shrub	829700
18	7	urban	35700
18	7	water	443900
18	8	crop	2022700
18	8	grass	220400
18	8	oak	2368100
18	8	pine	1049100
18	8	shrub	829900
18	8	urban	35700
18	8	water	443900
18	9	crop	2042000
18	9	grass	222600
18	9	oak	2376900
18	9	pine	1053900
18	9	shrub	830700
18	9	urban	35700
18	9	water	443900
18	10	crop	2022600
18	10	grass	220600
18	10	oak	2365200
18	10	pine	1049300
18	10	shrub	829300
18	10	urban	35700
18	10	water	443900
18	11	crop	2029000
18	11	grass	221900
18	11	oak	2365900
18	11	pine	1044200
18	11	shrub	828200
18	11	urban	35700
18	11	water	443900
18	12	crop	2023700
18	12	grass	220600
18	12	oak	2362200
18	12	pine	1046100
18	12	shrub	828000
18	12	urban	35700
18	12	water	443900
18	13	crop	2033400
18	13	grass	222600
18	13	oak	2371100
18	13	pine	1049200
18	13	shrub	829700
18	13	urban	35700
18	13	water	443900
18	14	crop	2040000
18	14	grass	222500
18	14	oak	2375300
18	14	pine	1052700
18	14	shrub	830200
18	14	urban	35700
18	14	water	443900
18	15	crop	2030400
18	15	grass	222800
18	15	oak	2375700
18	15	pine	1046000
18	15	shrub	827900
18	15	urban	35700
18	15	water	443900
18	16	crop	2036400
18	16	grass	222300
18	16	oak	2371600
18	16	pine	1051500
18	16	shrub	829900
18	16	urban	35700
18	16	water	443900
18	17	crop	2038600
18	17	grass	222800
18	17	oak	2376700
18	17	pine	1054100
18	17	shrub	830300
18	17	urban	35700
18	17	water	443900
18	18	crop	2040900
18	18	grass	222700
18	18	oak	2375700
18	18	pine	1054200
18	18	shrub	830400
18	18	urban	35700
18	18	water	443900
18	19	crop	2041100
18	19	grass	222800
18	19	oak	2377000
18	19	pine	1054400
18	19	shrub	830400
18	19	urban	35700
18	19	water	443900
18	20	crop	2038300
18	20	grass	222400
18	20	oak	2374600
18	20	pine	1052600
18	20	shrub	829900
18	20	urban	35700
18	20	water	443900
19	1	crop	2037400
19	1	grass	222600
19	1	oak	2375200
19	1	pine	1053500
19	1	shrub	830300
19	1	urban	35700
19	1	water	443900
19	2	crop	2036800
19	2	grass	222500
19	2	oak	2373800
19	2	pine	1052200
19	2	shrub	830100
19	2	urban	35700
19	2	water	443900
19	3	crop	2035400
19	3	grass	221900
19	3	oak	2374500
19	3	pine	1053600
19	3	shrub	829600
19	3	urban	35700
19	3	water	443900
19	4	crop	2033000
19	4	grass	222400
19	4	oak	2373200
19	4	pine	1051000
19	4	shrub	829400
19	4	urban	35700
19	4	water	443900
19	5	crop	2035000
19	5	grass	222400
19	5	oak	2368400
19	5	pine	1045200
19	5	shrub	829100
19	5	urban	35700
19	5	water	443900
19	6	crop	2036100
19	6	grass	222100
19	6	oak	2373800
19	6	pine	1052300
19	6	shrub	830100
19	6	urban	35700
19	6	water	443900
19	7	crop	2032700
19	7	grass	222400
19	7	oak	2372800
19	7	pine	1049000
19	7	shrub	828600
19	7	urban	35700
19	7	water	443900
19	8	crop	2028400
19	8	grass	222500
19	8	oak	2369700
19	8	pine	1047800
19	8	shrub	828900
19	8	urban	35700
19	8	water	443900
19	9	crop	2039200
19	9	grass	222600
19	9	oak	2374900
19	9	pine	1052400
19	9	shrub	830100
19	9	urban	35700
19	9	water	443900
19	10	crop	2034800
19	10	grass	222500
19	10	oak	2370600
19	10	pine	1048700
19	10	shrub	829500
19	10	urban	35700
19	10	water	443900
19	11	crop	2033000
19	11	grass	222600
19	11	oak	2371700
19	11	pine	1051400
19	11	shrub	829100
19	11	urban	35700
19	11	water	443900
19	12	crop	2033000
19	12	grass	221800
19	12	oak	2371200
19	12	pine	1051800
19	12	shrub	829600
19	12	urban	35700
19	12	water	443900
19	13	crop	2032800
19	13	grass	222300
19	13	oak	2370400
19	13	pine	1048800
19	13	shrub	829500
19	13	urban	35700
19	13	water	443900
19	14	crop	2020500
19	14	grass	222600
19	14	oak	2368700
19	14	pine	1040800
19	14	shrub	826400
19	14	urban	35700
19	14	water	443900
19	15	crop	2032200
19	15	grass	222400
19	15	oak	2371100
19	15	pine	1048200
19	15	shrub	829300
19	15	urban	35700
19	15	water	443900
19	16	crop	2036700
19	16	grass	222400
19	16	oak	2372500
19	16	pine	1052700
19	16	shrub	830300
19	16	urban	35700
19	16	water	443900
19	17	crop	2039400
19	17	grass	222800
19	17	oak	2375600
19	17	pine	1053500
19	17	shrub	830300
19	17	urban	35700
19	17	water	443900
19	18	crop	2033000
19	18	grass	222800
19	18	oak	2376300
19	18	pine	1048600
19	18	shrub	828700
19	18	urban	35700
19	18	water	443900
19	19	crop	2040900
19	19	grass	222700
19	19	oak	2376500
19	19	pine	1054200
19	19	shrub	830600
19	19	urban	35700
19	19	water	443900
19	20	crop	2032900
19	20	grass	222600
19	20	oak	2374800
19	20	pine	1052900
19	20	shrub	828700
19	20	urban	35700
19	20	water	443900
20	1	crop	2040300
20	1	grass	222800
20	1	oak	2376700
20	1	pine	1054300
20	1	shrub	830400
20	1	urban	35700
20	1	water	443900
20	2	crop	2033800
20	2	grass	222000
20	2	oak	2371400
20	2	pine	1049800
20	2	shrub	829700
20	2	urban	35700
20	2	water	443900
20	3	crop	2034900
20	3	grass	222500
20	3	oak	2373200
20	3	pine	1049200
20	3	shrub	829300
20	3	urban	35700
20	3	water	443900
20	4	crop	2019700
20	4	grass	221700
20	4	oak	2354200
20	4	pine	1034600
20	4	shrub	827300
20	4	urban	35700
20	4	water	443900
20	5	crop	2038400
20	5	grass	222500
20	5	oak	2375000
20	5	pine	1053700
20	5	shrub	830600
20	5	urban	35700
20	5	water	443900
20	6	crop	2041500
20	6	grass	222600
20	6	oak	2377300
20	6	pine	1054600
20	6	shrub	830700
20	6	urban	35700
20	6	water	443900
20	7	crop	2035300
20	7	grass	222800
20	7	oak	2372400
20	7	pine	1048700
20	7	shrub	829700
20	7	urban	35700
20	7	water	443900
20	8	crop	2035100
20	8	grass	222300
20	8	oak	2373700
20	8	pine	1051600
20	8	shrub	829800
20	8	urban	35700
20	8	water	443900
20	9	crop	2039400
20	9	grass	222700
20	9	oak	2375600
20	9	pine	1053500
20	9	shrub	830500
20	9	urban	35700
20	9	water	443900
20	10	crop	2021600
20	10	grass	221800
20	10	oak	2357500
20	10	pine	1037900
20	10	shrub	826100
20	10	urban	35700
20	10	water	443900
20	11	crop	2040100
20	11	grass	222800
20	11	oak	2377400
20	11	pine	1054700
20	11	shrub	830700
20	11	urban	35700
20	11	water	443900
20	12	crop	2027600
20	12	grass	222400
20	12	oak	2370700
20	12	pine	1045700
20	12	shrub	828400
20	12	urban	35700
20	12	water	443900
20	13	crop	2022500
20	13	grass	221500
20	13	oak	2355400
20	13	pine	1033200
20	13	shrub	827600
20	13	urban	35700
20	13	water	443900
20	14	crop	2040200
20	14	grass	222400
20	14	oak	2375300
20	14	pine	1053900
20	14	shrub	830200
20	14	urban	35700
20	14	water	443900
20	15	crop	2031200
20	15	grass	222600
20	15	oak	2373600
20	15	pine	1047900
20	15	shrub	828700
20	15	urban	35700
20	15	water	443900
20	16	crop	2034500
20	16	grass	221900
20	16	oak	2369800
20	16	pine	1049000
20	16	shrub	829300
20	16	urban	35700
20	16	water	443900
20	17	crop	2035300
20	17	grass	222300
20	17	oak	2373000
20	17	pine	1052100
20	17	shrub	829700
20	17	urban	35700
20	17	water	443900
20	18	crop	2036300
20	18	grass	222400
20	18	oak	2374600
20	18	pine	1051500
20	18	shrub	830400
20	18	urban	35700
20	18	water	443900
20	19	crop	2034400
20	19	grass	222500
20	19	oak	2374700
20	19	pine	1049600
20	19	shrub	829600
20	19	urban	35700
20	19	water	443900
20	20	crop	2038600
20	20	grass	222400
20	20	oak	2375500
20	20	pine	1053300
20	20	shrub	830200
20	20	urban	35700
20	20	water	443900
21	1	crop	2040900
21	1	grass	222800
21	1	oak	2376300
21	1	pine	1054300
21	1	shrub	830000
21	1	urban	35700
21	1	water	443900
21	2	crop	2025600
21	2	grass	222000
21	2	oak	2367600
21	2	pine	1044600
21	2	shrub	827800
21	2	urban	35700
21	2	water	443900
21	3	crop	2033900
21	3	grass	222500
21	3	oak	2369700
21	3	pine	1048600
21	3	shrub	829300
21	3	urban	35700
21	3	water	443900
21	4	crop	2035500
21	4	grass	222400
21	4	oak	2371300
21	4	pine	1048800
21	4	shrub	829800
21	4	urban	35700
21	4	water	443900
21	5	crop	2030300
21	5	grass	222600
21	5	oak	2375000
21	5	pine	1048900
21	5	shrub	828900
21	5	urban	35700
21	5	water	443900
21	6	crop	2016300
21	6	grass	222300
21	6	oak	2371500
21	6	pine	1041600
21	6	shrub	826300
21	6	urban	35700
21	6	water	443900
21	7	crop	2038600
21	7	grass	222600
21	7	oak	2376000
21	7	pine	1053600
21	7	shrub	830100
21	7	urban	35700
21	7	water	443900
21	8	crop	2022300
21	8	grass	222100
21	8	oak	2357600
21	8	pine	1034900
21	8	shrub	827100
21	8	urban	35700
21	8	water	443900
21	9	crop	2039400
21	9	grass	222400
21	9	oak	2373700
21	9	pine	1053400
21	9	shrub	830300
21	9	urban	35700
21	9	water	443900
21	10	crop	2039200
21	10	grass	222600
21	10	oak	2375900
21	10	pine	1053400
21	10	shrub	830100
21	10	urban	35700
21	10	water	443900
21	11	crop	2017700
21	11	grass	221800
21	11	oak	2357600
21	11	pine	1037300
21	11	shrub	826700
21	11	urban	35700
21	11	water	443900
21	12	crop	2038200
21	12	grass	222600
21	12	oak	2375300
21	12	pine	1052600
21	12	shrub	830000
21	12	urban	35700
21	12	water	443900
21	13	crop	2032300
21	13	grass	222300
21	13	oak	2372900
21	13	pine	1049100
21	13	shrub	828800
21	13	urban	35700
21	13	water	443900
21	14	crop	2040300
21	14	grass	222800
21	14	oak	2375900
21	14	pine	1053000
21	14	shrub	830100
21	14	urban	35700
21	14	water	443900
21	15	crop	2036600
21	15	grass	222400
21	15	oak	2374300
21	15	pine	1053100
21	15	shrub	830000
21	15	urban	35700
21	15	water	443900
21	16	crop	2033500
21	16	grass	222500
21	16	oak	2370200
21	16	pine	1046800
21	16	shrub	829000
21	16	urban	35700
21	16	water	443900
21	17	crop	2038700
21	17	grass	222700
21	17	oak	2376400
21	17	pine	1052900
21	17	shrub	830100
21	17	urban	35700
21	17	water	443900
21	18	crop	2037500
21	18	grass	222800
21	18	oak	2375800
21	18	pine	1051500
21	18	shrub	830100
21	18	urban	35700
21	18	water	443900
21	19	crop	2029100
21	19	grass	222000
21	19	oak	2372000
21	19	pine	1049900
21	19	shrub	828800
21	19	urban	35700
21	19	water	443900
21	20	crop	2033800
21	20	grass	222600
21	20	oak	2374900
21	20	pine	1051300
21	20	shrub	829200
21	20	urban	35700
21	20	water	443900
22	1	crop	2037500
22	1	grass	222800
22	1	oak	2375600
22	1	pine	1052000
22	1	shrub	829700
22	1	urban	35700
22	1	water	443900
22	2	crop	2030800
22	2	grass	222400
22	2	oak	2370000
22	2	pine	1049400
22	2	shrub	828900
22	2	urban	35700
22	2	water	443900
22	3	crop	2039400
22	3	grass	222700
22	3	oak	2375900
22	3	pine	1053400
22	3	shrub	830500
22	3	urban	35700
22	3	water	443900
22	4	crop	2030300
22	4	grass	221800
22	4	oak	2369100
22	4	pine	1048600
22	4	shrub	829000
22	4	urban	35700
22	4	water	443900
22	5	crop	2038500
22	5	grass	222500
22	5	oak	2375300
22	5	pine	1054000
22	5	shrub	830400
22	5	urban	35700
22	5	water	443900
22	6	crop	2038400
22	6	grass	222500
22	6	oak	2375400
22	6	pine	1052200
22	6	shrub	829900
22	6	urban	35700
22	6	water	443900
22	7	crop	2026200
22	7	grass	222300
22	7	oak	2360700
22	7	pine	1040900
22	7	shrub	826400
22	7	urban	35700
22	7	water	443900
22	8	crop	2040700
22	8	grass	222600
22	8	oak	2376900
22	8	pine	1053500
22	8	shrub	830300
22	8	urban	35700
22	8	water	443900
22	9	crop	2040400
22	9	grass	222700
22	9	oak	2376500
22	9	pine	1054100
22	9	shrub	830300
22	9	urban	35700
22	9	water	443900
22	10	crop	2035400
22	10	grass	221900
22	10	oak	2372500
22	10	pine	1052700
22	10	shrub	829600
22	10	urban	35700
22	10	water	443900
22	11	crop	2022100
22	11	grass	221300
22	11	oak	2356500
22	11	pine	1034100
22	11	shrub	827000
22	11	urban	35700
22	11	water	443900
22	12	crop	2036400
22	12	grass	222300
22	12	oak	2373500
22	12	pine	1051500
22	12	shrub	830100
22	12	urban	35700
22	12	water	443900
22	13	crop	2039100
22	13	grass	222800
22	13	oak	2376200
22	13	pine	1053400
22	13	shrub	829700
22	13	urban	35700
22	13	water	443900
22	14	crop	2037200
22	14	grass	222800
22	14	oak	2376900
22	14	pine	1053000
22	14	shrub	829800
22	14	urban	35700
22	14	water	443900
22	15	crop	2031800
22	15	grass	221700
22	15	oak	2371500
22	15	pine	1048900
22	15	shrub	829300
22	15	urban	35700
22	15	water	443900
22	16	crop	2035800
22	16	grass	222300
22	16	oak	2371300
22	16	pine	1049800
22	16	shrub	829800
22	16	urban	35700
22	16	water	443900
22	17	crop	2039200
22	17	grass	222500
22	17	oak	2375500
22	17	pine	1051800
22	17	shrub	830000
22	17	urban	35700
22	17	water	443900
22	18	crop	2025400
22	18	grass	221400
22	18	oak	2367100
22	18	pine	1051600
22	18	shrub	829900
22	18	urban	35700
22	18	water	443900
22	19	crop	2031900
22	19	grass	222500
22	19	oak	2369800
22	19	pine	1048000
22	19	shrub	829100
22	19	urban	35700
22	19	water	443900
22	20	crop	2039200
22	20	grass	222700
22	20	oak	2375500
22	20	pine	1053400
22	20	shrub	830300
22	20	urban	35700
22	20	water	443900
23	1	crop	2034100
23	1	grass	222200
23	1	oak	2371800
23	1	pine	1050800
23	1	shrub	829300
23	1	urban	35700
23	1	water	443900
23	2	crop	2033500
23	2	grass	222100
23	2	oak	2370800
23	2	pine	1050100
23	2	shrub	829200
23	2	urban	35700
23	2	water	443900
23	3	crop	2031000
23	3	grass	222100
23	3	oak	2373300
23	3	pine	1051000
23	3	shrub	829600
23	3	urban	35700
23	3	water	443900
23	4	crop	2037500
23	4	grass	222400
23	4	oak	2372700
23	4	pine	1051500
23	4	shrub	829400
23	4	urban	35700
23	4	water	443900
23	5	crop	2023000
23	5	grass	222100
23	5	oak	2354400
23	5	pine	1037300
23	5	shrub	827600
23	5	urban	35700
23	5	water	443900
23	6	crop	2031700
23	6	grass	221500
23	6	oak	2369300
23	6	pine	1050100
23	6	shrub	829500
23	6	urban	35700
23	6	water	443900
23	7	crop	2032400
23	7	grass	222400
23	7	oak	2373500
23	7	pine	1049800
23	7	shrub	829200
23	7	urban	35700
23	7	water	443900
23	8	crop	2022800
23	8	grass	222500
23	8	oak	2373500
23	8	pine	1046900
23	8	shrub	827600
23	8	urban	35700
23	8	water	443900
23	9	crop	2033500
23	9	grass	221800
23	9	oak	2371600
23	9	pine	1048400
23	9	shrub	828800
23	9	urban	35700
23	9	water	443900
23	10	crop	2040900
23	10	grass	222800
23	10	oak	2377000
23	10	pine	1054600
23	10	shrub	830400
23	10	urban	35700
23	10	water	443900
23	11	crop	2012400
23	11	grass	219900
23	11	oak	2360300
23	11	pine	1046700
23	11	shrub	827900
23	11	urban	35700
23	11	water	443900
23	12	crop	2027200
23	12	grass	222200
23	12	oak	2363500
23	12	pine	1045200
23	12	shrub	828100
23	12	urban	35700
23	12	water	443900
23	13	crop	2038200
23	13	grass	222700
23	13	oak	2373800
23	13	pine	1052600
23	13	shrub	830200
23	13	urban	35700
23	13	water	443900
23	14	crop	2038500
23	14	grass	222700
23	14	oak	2374500
23	14	pine	1053200
23	14	shrub	830800
23	14	urban	35700
23	14	water	443900
23	15	crop	2034200
23	15	grass	222300
23	15	oak	2370600
23	15	pine	1049500
23	15	shrub	829100
23	15	urban	35700
23	15	water	443900
23	16	crop	2037000
23	16	grass	222400
23	16	oak	2373900
23	16	pine	1052000
23	16	shrub	829700
23	16	urban	35700
23	16	water	443900
23	17	crop	2034300
23	17	grass	222100
23	17	oak	2373900
23	17	pine	1052500
23	17	shrub	829600
23	17	urban	35700
23	17	water	443900
23	18	crop	2041800
23	18	grass	222800
23	18	oak	2375500
23	18	pine	1053900
23	18	shrub	830300
23	18	urban	35700
23	18	water	443900
23	19	crop	2019200
23	19	grass	221600
23	19	oak	2359000
23	19	pine	1037200
23	19	shrub	827300
23	19	urban	35700
23	19	water	443900
23	20	crop	2035600
23	20	grass	222200
23	20	oak	2372700
23	20	pine	1053100
23	20	shrub	829600
23	20	urban	35700
23	20	water	443900
24	1	crop	2036100
24	1	grass	222400
24	1	oak	2373800
24	1	pine	1053400
24	1	shrub	829300
24	1	urban	35700
24	1	water	443900
24	2	crop	2039600
24	2	grass	222700
24	2	oak	2376300
24	2	pine	1053500
24	2	shrub	830400
24	2	urban	35700
24	2	water	443900
24	3	crop	2036000
24	3	grass	222200
24	3	oak	2373300
24	3	pine	1053000
24	3	shrub	830100
24	3	urban	35700
24	3	water	443900
24	4	crop	2028700
24	4	grass	222800
24	4	oak	2375700
24	4	pine	1047200
24	4	shrub	828200
24	4	urban	35700
24	4	water	443900
24	5	crop	2040300
24	5	grass	222700
24	5	oak	2375700
24	5	pine	1054100
24	5	shrub	830600
24	5	urban	35700
24	5	water	443900
24	6	crop	2042100
24	6	grass	222700
24	6	oak	2377000
24	6	pine	1054900
24	6	shrub	830500
24	6	urban	35700
24	6	water	443900
24	7	crop	2035100
24	7	grass	222200
24	7	oak	2373500
24	7	pine	1051500
24	7	shrub	829900
24	7	urban	35700
24	7	water	443900
24	8	crop	2035600
24	8	grass	222600
24	8	oak	2375500
24	8	pine	1051400
24	8	shrub	829200
24	8	urban	35700
24	8	water	443900
24	9	crop	2038500
24	9	grass	222400
24	9	oak	2373700
24	9	pine	1053100
24	9	shrub	830200
24	9	urban	35700
24	9	water	443900
24	10	crop	2042000
24	10	grass	222700
24	10	oak	2377100
24	10	pine	1054500
24	10	shrub	830600
24	10	urban	35700
24	10	water	443900
24	11	crop	2037000
24	11	grass	222800
24	11	oak	2377000
24	11	pine	1052500
24	11	shrub	829500
24	11	urban	35700
24	11	water	443900
24	12	crop	2028900
24	12	grass	222100
24	12	oak	2368000
24	12	pine	1045700
24	12	shrub	829200
24	12	urban	35700
24	12	water	443900
24	13	crop	2035100
24	13	grass	222400
24	13	oak	2371900
24	13	pine	1052000
24	13	shrub	829300
24	13	urban	35700
24	13	water	443900
24	14	crop	2033100
24	14	grass	220800
24	14	oak	2370500
24	14	pine	1051100
24	14	shrub	830300
24	14	urban	35700
24	14	water	443900
24	15	crop	2035200
24	15	grass	222400
24	15	oak	2372800
24	15	pine	1049400
24	15	shrub	829400
24	15	urban	35700
24	15	water	443900
24	16	crop	2038000
24	16	grass	222800
24	16	oak	2376100
24	16	pine	1053000
24	16	shrub	830000
24	16	urban	35700
24	16	water	443900
24	17	crop	2041700
24	17	grass	222600
24	17	oak	2377000
24	17	pine	1054200
24	17	shrub	830700
24	17	urban	35700
24	17	water	443900
24	18	crop	2034500
24	18	grass	222000
24	18	oak	2370600
24	18	pine	1047100
24	18	shrub	829200
24	18	urban	35700
24	18	water	443900
24	19	crop	2040200
24	19	grass	222600
24	19	oak	2375300
24	19	pine	1054300
24	19	shrub	830600
24	19	urban	35700
24	19	water	443900
24	20	crop	2033400
24	20	grass	222800
24	20	oak	2373300
24	20	pine	1049800
24	20	shrub	828900
24	20	urban	35700
24	20	water	443900
25	1	crop	2030100
25	1	grass	222500
25	1	oak	2373800
25	1	pine	1049100
25	1	shrub	827500
25	1	urban	35700
25	1	water	443900
25	2	crop	2028600
25	2	grass	222600
25	2	oak	2374700
25	2	pine	1046400
25	2	shrub	828700
25	2	urban	35700
25	2	water	443900
25	3	crop	2039900
25	3	grass	222300
25	3	oak	2375500
25	3	pine	1054200
25	3	shrub	830500
25	3	urban	35700
25	3	water	443900
25	4	crop	2028600
25	4	grass	221500
25	4	oak	2363600
25	4	pine	1043300
25	4	shrub	829100
25	4	urban	35700
25	4	water	443900
25	5	crop	2036700
25	5	grass	222800
25	5	oak	2374000
25	5	pine	1053400
25	5	shrub	829200
25	5	urban	35700
25	5	water	443900
25	6	crop	2013500
25	6	grass	220000
25	6	oak	2355500
25	6	pine	1043800
25	6	shrub	827700
25	6	urban	35700
25	6	water	443900
25	7	crop	2027400
25	7	grass	221900
25	7	oak	2364300
25	7	pine	1041400
25	7	shrub	828400
25	7	urban	35700
25	7	water	443900
25	8	crop	2038900
25	8	grass	222800
25	8	oak	2377200
25	8	pine	1053800
25	8	shrub	830400
25	8	urban	35700
25	8	water	443900
25	9	crop	2034700
25	9	grass	222300
25	9	oak	2375000
25	9	pine	1052500
25	9	shrub	829400
25	9	urban	35700
25	9	water	443900
25	10	crop	2035600
25	10	grass	222500
25	10	oak	2374000
25	10	pine	1053000
25	10	shrub	830100
25	10	urban	35700
25	10	water	443900
25	11	crop	2035000
25	11	grass	222400
25	11	oak	2373000
25	11	pine	1052300
25	11	shrub	829500
25	11	urban	35700
25	11	water	443900
25	12	crop	2037600
25	12	grass	222200
25	12	oak	2374600
25	12	pine	1053500
25	12	shrub	830400
25	12	urban	35700
25	12	water	443900
25	13	crop	2036200
25	13	grass	221900
25	13	oak	2372500
25	13	pine	1051900
25	13	shrub	829500
25	13	urban	35700
25	13	water	443900
25	14	crop	2034500
25	14	grass	222700
25	14	oak	2374900
25	14	pine	1050100
25	14	shrub	829600
25	14	urban	35700
25	14	water	443900
25	15	crop	2035300
25	15	grass	222300
25	15	oak	2371700
25	15	pine	1051800
25	15	shrub	829100
25	15	urban	35700
25	15	water	443900
25	16	crop	2032200
25	16	grass	222500
25	16	oak	2371900
25	16	pine	1049200
25	16	shrub	829200
25	16	urban	35700
25	16	water	443900
25	17	crop	2037300
25	17	grass	222800
25	17	oak	2375500
25	17	pine	1053800
25	17	shrub	829500
25	17	urban	35700
25	17	water	443900
25	18	crop	2030200
25	18	grass	221700
25	18	oak	2367700
25	18	pine	1044700
25	18	shrub	827500
25	18	urban	35700
25	18	water	443900
25	19	crop	2039200
25	19	grass	222800
25	19	oak	2374800
25	19	pine	1053300
25	19	shrub	830300
25	19	urban	35700
25	19	water	443900
25	20	crop	2036100
25	20	grass	222200
25	20	oak	2375500
25	20	pine	1053200
25	20	shrub	829400
25	20	urban	35700
25	20	water	443900
26	1	crop	2040400
26	1	grass	222800
26	1	oak	2375200
26	1	pine	1053900
26	1	shrub	830400
26	1	urban	35700
26	1	water	443900
26	2	crop	2037600
26	2	grass	222600
26	2	oak	2372900
26	2	pine	1051000
26	2	shrub	830200
26	2	urban	35700
26	2	water	443900
26	3	crop	2034400
26	3	grass	222600
26	3	oak	2369900
26	3	pine	1048400
26	3	shrub	829000
26	3	urban	35700
26	3	water	443900
26	4	crop	2041000
26	4	grass	222600
26	4	oak	2375500
26	4	pine	1054200
26	4	shrub	830300
26	4	urban	35700
26	4	water	443900
26	5	crop	2036100
26	5	grass	222400
26	5	oak	2374900
26	5	pine	1051200
26	5	shrub	829300
26	5	urban	35700
26	5	water	443900
26	6	crop	2034400
26	6	grass	221900
26	6	oak	2371000
26	6	pine	1051000
26	6	shrub	830000
26	6	urban	35700
26	6	water	443900
26	7	crop	2026500
26	7	grass	222000
26	7	oak	2368300
26	7	pine	1043000
26	7	shrub	828000
26	7	urban	35700
26	7	water	443900
26	8	crop	2039700
26	8	grass	222700
26	8	oak	2375100
26	8	pine	1053100
26	8	shrub	830200
26	8	urban	35700
26	8	water	443900
26	9	crop	2037000
26	9	grass	222700
26	9	oak	2374700
26	9	pine	1053200
26	9	shrub	829900
26	9	urban	35700
26	9	water	443900
26	10	crop	2039500
26	10	grass	222800
26	10	oak	2377200
26	10	pine	1053600
26	10	shrub	830300
26	10	urban	35700
26	10	water	443900
26	11	crop	2036900
26	11	grass	222600
26	11	oak	2375000
26	11	pine	1051300
26	11	shrub	828900
26	11	urban	35700
26	11	water	443900
26	12	crop	2026900
26	12	grass	222200
26	12	oak	2369500
26	12	pine	1046100
26	12	shrub	829100
26	12	urban	35700
26	12	water	443900
26	13	crop	2035300
26	13	grass	222600
26	13	oak	2375400
26	13	pine	1052400
26	13	shrub	829200
26	13	urban	35700
26	13	water	443900
26	14	crop	2040600
26	14	grass	222700
26	14	oak	2376000
26	14	pine	1054400
26	14	shrub	829900
26	14	urban	35700
26	14	water	443900
26	15	crop	2038200
26	15	grass	222600
26	15	oak	2373900
26	15	pine	1053400
26	15	shrub	829900
26	15	urban	35700
26	15	water	443900
26	16	crop	2040800
26	16	grass	222800
26	16	oak	2377000
26	16	pine	1053800
26	16	shrub	829900
26	16	urban	35700
26	16	water	443900
26	17	crop	2030900
26	17	grass	222300
26	17	oak	2370200
26	17	pine	1047000
26	17	shrub	828500
26	17	urban	35700
26	17	water	443900
26	18	crop	2030200
26	18	grass	222200
26	18	oak	2370200
26	18	pine	1047900
26	18	shrub	829900
26	18	urban	35700
26	18	water	443900
26	19	crop	2040500
26	19	grass	222600
26	19	oak	2376100
26	19	pine	1053900
26	19	shrub	830100
26	19	urban	35700
26	19	water	443900
26	20	crop	2028600
26	20	grass	222500
26	20	oak	2363800
26	20	pine	1043800
26	20	shrub	829200
26	20	urban	35700
26	20	water	443900
27	1	crop	2022400
27	1	grass	222300
27	1	oak	2368800
27	1	pine	1046400
27	1	shrub	827200
27	1	urban	35700
27	1	water	443900
27	2	crop	2039600
27	2	grass	222700
27	2	oak	2376200
27	2	pine	1053800
27	2	shrub	830200
27	2	urban	35700
27	2	water	443900
27	3	crop	2040800
27	3	grass	222600
27	3	oak	2377000
27	3	pine	1054000
27	3	shrub	830600
27	3	urban	35700
27	3	water	443900
27	4	crop	2035000
27	4	grass	222100
27	4	oak	2375600
27	4	pine	1052000
27	4	shrub	829700
27	4	urban	35700
27	4	water	443900
27	5	crop	2039100
27	5	grass	222300
27	5	oak	2373000
27	5	pine	1052900
27	5	shrub	830200
27	5	urban	35700
27	5	water	443900
27	6	crop	2035700
27	6	grass	222500
27	6	oak	2374100
27	6	pine	1052400
27	6	shrub	829500
27	6	urban	35700
27	6	water	443900
27	7	crop	2036600
27	7	grass	222300
27	7	oak	2374700
27	7	pine	1053100
27	7	shrub	830100
27	7	urban	35700
27	7	water	443900
27	8	crop	2024600
27	8	grass	221700
27	8	oak	2369000
27	8	pine	1049300
27	8	shrub	828200
27	8	urban	35700
27	8	water	443900
27	9	crop	2038500
27	9	grass	222300
27	9	oak	2375700
27	9	pine	1054200
27	9	shrub	830200
27	9	urban	35700
27	9	water	443900
27	10	crop	2037400
27	10	grass	222700
27	10	oak	2374400
27	10	pine	1051900
27	10	shrub	830100
27	10	urban	35700
27	10	water	443900
27	11	crop	2033300
27	11	grass	222500
27	11	oak	2369500
27	11	pine	1046200
27	11	shrub	828900
27	11	urban	35700
27	11	water	443900
27	12	crop	2034800
27	12	grass	222300
27	12	oak	2373300
27	12	pine	1052600
27	12	shrub	830000
27	12	urban	35700
27	12	water	443900
27	13	crop	2034500
27	13	grass	222600
27	13	oak	2372100
27	13	pine	1049700
27	13	shrub	829700
27	13	urban	35700
27	13	water	443900
27	14	crop	2038000
27	14	grass	222600
27	14	oak	2375500
27	14	pine	1053700
27	14	shrub	830300
27	14	urban	35700
27	14	water	443900
27	15	crop	2036200
27	15	grass	222600
27	15	oak	2371800
27	15	pine	1048200
27	15	shrub	828200
27	15	urban	35700
27	15	water	443900
27	16	crop	2036700
27	16	grass	222100
27	16	oak	2373300
27	16	pine	1053700
27	16	shrub	830200
27	16	urban	35700
27	16	water	443900
27	17	crop	2037000
27	17	grass	222600
27	17	oak	2375100
27	17	pine	1052100
27	17	shrub	830000
27	17	urban	35700
27	17	water	443900
27	18	crop	2009000
27	18	grass	219100
27	18	oak	2349100
27	18	pine	1036200
27	18	shrub	826300
27	18	urban	35700
27	18	water	443900
27	19	crop	2019500
27	19	grass	220300
27	19	oak	2358600
27	19	pine	1045700
27	19	shrub	828400
27	19	urban	35700
27	19	water	443900
27	20	crop	2038100
27	20	grass	222200
27	20	oak	2375500
27	20	pine	1053400
27	20	shrub	830100
27	20	urban	35700
27	20	water	443900
28	1	crop	2036400
28	1	grass	222300
28	1	oak	2373800
28	1	pine	1051800
28	1	shrub	829300
28	1	urban	35700
28	1	water	443900
28	2	crop	2035600
28	2	grass	222600
28	2	oak	2374800
28	2	pine	1052500
28	2	shrub	829800
28	2	urban	35700
28	2	water	443900
28	3	crop	2014000
28	3	grass	221700
28	3	oak	2363000
28	3	pine	1038400
28	3	shrub	826500
28	3	urban	35700
28	3	water	443900
28	4	crop	2035100
28	4	grass	222500
28	4	oak	2372500
28	4	pine	1049100
28	4	shrub	829300
28	4	urban	35700
28	4	water	443900
28	5	crop	2026500
28	5	grass	222600
28	5	oak	2369500
28	5	pine	1044500
28	5	shrub	828200
28	5	urban	35700
28	5	water	443900
28	6	crop	2033600
28	6	grass	222100
28	6	oak	2366800
28	6	pine	1047400
28	6	shrub	829700
28	6	urban	35700
28	6	water	443900
28	7	crop	2040400
28	7	grass	222700
28	7	oak	2377000
28	7	pine	1054700
28	7	shrub	830800
28	7	urban	35700
28	7	water	443900
28	8	crop	2038300
28	8	grass	222500
28	8	oak	2375100
28	8	pine	1052300
28	8	shrub	830100
28	8	urban	35700
28	8	water	443900
28	9	crop	2040200
28	9	grass	222600
28	9	oak	2376300
28	9	pine	1054700
28	9	shrub	830500
28	9	urban	35700
28	9	water	443900
28	10	crop	2034800
28	10	grass	222300
28	10	oak	2374900
28	10	pine	1052000
28	10	shrub	830200
28	10	urban	35700
28	10	water	443900
28	11	crop	2038400
28	11	grass	222700
28	11	oak	2374500
28	11	pine	1053600
28	11	shrub	830200
28	11	urban	35700
28	11	water	443900
28	12	crop	2017200
28	12	grass	220100
28	12	oak	2362300
28	12	pine	1047300
28	12	shrub	828200
28	12	urban	35700
28	12	water	443900
28	13	crop	2039300
28	13	grass	222400
28	13	oak	2375400
28	13	pine	1053900
28	13	shrub	830200
28	13	urban	35700
28	13	water	443900
28	14	crop	2020700
28	14	grass	221800
28	14	oak	2356300
28	14	pine	1035900
28	14	shrub	827400
28	14	urban	35700
28	14	water	443900
28	15	crop	2039900
28	15	grass	222700
28	15	oak	2375600
28	15	pine	1053000
28	15	shrub	830400
28	15	urban	35700
28	15	water	443900
28	16	crop	2039600
28	16	grass	222600
28	16	oak	2375300
28	16	pine	1054500
28	16	shrub	830600
28	16	urban	35700
28	16	water	443900
28	17	crop	2035300
28	17	grass	222800
28	17	oak	2376000
28	17	pine	1050800
28	17	shrub	829800
28	17	urban	35700
28	17	water	443900
28	18	crop	2037200
28	18	grass	222100
28	18	oak	2372900
28	18	pine	1052400
28	18	shrub	830100
28	18	urban	35700
28	18	water	443900
28	19	crop	2037700
28	19	grass	222500
28	19	oak	2375800
28	19	pine	1052000
28	19	shrub	829800
28	19	urban	35700
28	19	water	443900
28	20	crop	2039700
28	20	grass	222700
28	20	oak	2375300
28	20	pine	1052900
28	20	shrub	830000
28	20	urban	35700
28	20	water	443900
29	1	crop	2038200
29	1	grass	222700
29	1	oak	2373600
29	1	pine	1051500
29	1	shrub	830400
29	1	urban	35700
29	1	water	443900
29	2	crop	2039700
29	2	grass	222200
29	2	oak	2374100
29	2	pine	1052700
29	2	shrub	830300
29	2	urban	35700
29	2	water	443900
29	3	crop	2025100
29	3	grass	222400
29	3	oak	2365000
29	3	pine	1042300
29	3	shrub	828800
29	3	urban	35700
29	3	water	443900
29	4	crop	2035200
29	4	grass	222600
29	4	oak	2373400
29	4	pine	1049800
29	4	shrub	829700
29	4	urban	35700
29	4	water	443900
29	5	crop	2038400
29	5	grass	222800
29	5	oak	2377100
29	5	pine	1053600
29	5	shrub	829800
29	5	urban	35700
29	5	water	443900
29	6	crop	2036000
29	6	grass	221700
29	6	oak	2373600
29	6	pine	1053700
29	6	shrub	830200
29	6	urban	35700
29	6	water	443900
29	7	crop	2034900
29	7	grass	222300
29	7	oak	2371900
29	7	pine	1050200
29	7	shrub	829200
29	7	urban	35700
29	7	water	443900
29	8	crop	2022500
29	8	grass	221600
29	8	oak	2361400
29	8	pine	1038900
29	8	shrub	827800
29	8	urban	35700
29	8	water	443900
29	9	crop	2032600
29	9	grass	221800
29	9	oak	2370200
29	9	pine	1049500
29	9	shrub	829200
29	9	urban	35700
29	9	water	443900
29	10	crop	2040900
29	10	grass	222700
29	10	oak	2374500
29	10	pine	1053400
29	10	shrub	830000
29	10	urban	35700
29	10	water	443900
29	11	crop	2037500
29	11	grass	222300
29	11	oak	2372800
29	11	pine	1052500
29	11	shrub	829900
29	11	urban	35700
29	11	water	443900
29	12	crop	2033100
29	12	grass	222100
29	12	oak	2370000
29	12	pine	1048900
29	12	shrub	829700
29	12	urban	35700
29	12	water	443900
29	13	crop	2034600
29	13	grass	222500
29	13	oak	2371500
29	13	pine	1048000
29	13	shrub	829400
29	13	urban	35700
29	13	water	443900
29	14	crop	2041600
29	14	grass	222800
29	14	oak	2376800
29	14	pine	1053900
29	14	shrub	830400
29	14	urban	35700
29	14	water	443900
29	15	crop	2038100
29	15	grass	222800
29	15	oak	2374600
29	15	pine	1052800
29	15	shrub	830200
29	15	urban	35700
29	15	water	443900
29	16	crop	2036500
29	16	grass	222600
29	16	oak	2375600
29	16	pine	1052500
29	16	shrub	829600
29	16	urban	35700
29	16	water	443900
29	17	crop	2025300
29	17	grass	222400
29	17	oak	2373600
29	17	pine	1046200
29	17	shrub	827500
29	17	urban	35700
29	17	water	443900
29	18	crop	2040400
29	18	grass	222500
29	18	oak	2375800
29	18	pine	1054000
29	18	shrub	830700
29	18	urban	35700
29	18	water	443900
29	19	crop	2038600
29	19	grass	222300
29	19	oak	2375900
29	19	pine	1053500
29	19	shrub	830100
29	19	urban	35700
29	19	water	443900
29	20	crop	2038100
29	20	grass	222700
29	20	oak	2373800
29	20	pine	1052000
29	20	shrub	830700
29	20	urban	35700
29	20	water	443900
30	1	crop	2023500
30	1	grass	221000
30	1	oak	2362900
30	1	pine	1048300
30	1	shrub	828700
30	1	urban	35700
30	1	water	443900
30	2	crop	2038700
30	2	grass	222600
30	2	oak	2375000
30	2	pine	1054500
30	2	shrub	830600
30	2	urban	35700
30	2	water	443900
30	3	crop	2035500
30	3	grass	222200
30	3	oak	2370600
30	3	pine	1048500
30	3	shrub	829400
30	3	urban	35700
30	3	water	443900
30	4	crop	2023300
30	4	grass	221700
30	4	oak	2365500
30	4	pine	1048900
30	4	shrub	828700
30	4	urban	35700
30	4	water	443900
30	5	crop	2028500
30	5	grass	222100
30	5	oak	2366600
30	5	pine	1044800
30	5	shrub	828000
30	5	urban	35700
30	5	water	443900
30	6	crop	2036300
30	6	grass	222500
30	6	oak	2374200
30	6	pine	1052600
30	6	shrub	829400
30	6	urban	35700
30	6	water	443900
30	7	crop	2028500
30	7	grass	221700
30	7	oak	2366100
30	7	pine	1046700
30	7	shrub	828300
30	7	urban	35700
30	7	water	443900
30	8	crop	2035600
30	8	grass	222300
30	8	oak	2373200
30	8	pine	1050900
30	8	shrub	830100
30	8	urban	35700
30	8	water	443900
30	9	crop	2020700
30	9	grass	221500
30	9	oak	2355900
30	9	pine	1039200
30	9	shrub	827300
30	9	urban	35700
30	9	water	443900
30	10	crop	2027800
30	10	grass	221500
30	10	oak	2370300
30	10	pine	1047700
30	10	shrub	828600
30	10	urban	35700
30	10	water	443900
30	11	crop	2037600
30	11	grass	222500
30	11	oak	2373300
30	11	pine	1051400
30	11	shrub	829900
30	11	urban	35700
30	11	water	443900
30	12	crop	2038700
30	12	grass	222800
30	12	oak	2374900
30	12	pine	1053000
30	12	shrub	830500
30	12	urban	35700
30	12	water	443900
30	13	crop	2038800
30	13	grass	222400
30	13	oak	2376000
30	13	pine	1052900
30	13	shrub	829800
30	13	urban	35700
30	13	water	443900
30	14	crop	2036000
30	14	grass	222600
30	14	oak	2375400
30	14	pine	1052200
30	14	shrub	829500
30	14	urban	35700
30	14	water	443900
30	15	crop	2038700
30	15	grass	222500
30	15	oak	2373500
30	15	pine	1053500
30	15	shrub	830400
30	15	urban	35700
30	15	water	443900
30	16	crop	2033900
30	16	grass	222700
30	16	oak	2374000
30	16	pine	1052600
30	16	shrub	828800
30	16	urban	35700
30	16	water	443900
30	17	crop	2033600
30	17	grass	222100
30	17	oak	2369800
30	17	pine	1047100
30	17	shrub	830100
30	17	urban	35700
30	17	water	443900
30	18	crop	2033500
30	18	grass	221900
30	18	oak	2372100
30	18	pine	1051500
30	18	shrub	830200
30	18	urban	35700
30	18	water	443900
30	19	crop	2037700
30	19	grass	222600
30	19	oak	2373600
30	19	pine	1054200
30	19	shrub	830600
30	19	urban	35700
30	19	water	443900
30	20	crop	2017900
30	20	grass	221400
30	20	oak	2352600
30	20	pine	1034000
30	20	shrub	826800
30	20	urban	35700
30	20	water	443900
