run	year	tschg	area
1	1	51	536600
1	1	NA	516200
1	2	2	2500
1	2	52	528400
1	2	NA	513900
1	3	2	10400
1	3	3	2500
1	3	53	503200
1	3	NA	503200
1	4	2	36100
1	4	3	10400
1	4	4	2500
1	4	54	499700
1	4	NA	502000
1	5	2	4700
1	5	3	35800
1	5	4	10300
1	5	5	2500
1	5	55	494000
1	5	NA	499900
1	6	2	8200
1	6	3	4600
1	6	4	35700
1	6	5	10200
1	6	6	2500
1	6	56	481100
1	6	NA	496500
1	7	2	16600
1	7	3	8200
1	7	4	4600
1	7	5	35500
1	7	6	10100
1	7	7	2400
1	7	57	478400
1	7	NA	495400
1	8	2	3900
1	8	3	16200
1	8	4	8000
1	8	5	4600
1	8	6	34700
1	8	7	10100
1	8	8	2400
1	8	58	462700
1	8	NA	489700
1	9	2	22700
1	9	3	3800
1	9	4	16200
1	9	5	7800
1	9	6	4600
1	9	7	34700
1	9	8	9900
1	9	9	2400
1	9	59	454400
1	9	NA	484900
1	10	2	13900
1	10	3	22500
1	10	4	3800
1	10	5	16100
1	10	6	7600
1	10	7	4600
1	10	8	34400
1	10	9	9600
1	10	10	2400
1	10	60	440400
1	10	NA	478800
1	11	2	21300
1	11	3	13800
1	11	4	22100
1	11	5	3800
1	11	6	15900
1	11	7	7500
1	11	8	4600
1	11	9	33700
1	11	10	9500
1	11	11	2400
1	11	61	430900
1	11	NA	477100
1	12	2	12700
1	12	3	21200
1	12	4	13800
1	12	5	22100
1	12	6	3800
1	12	7	15900
1	12	8	7400
1	12	9	4600
1	12	10	33700
1	12	11	9400
1	12	12	2400
1	12	62	429200
1	12	NA	476500
1	13	2	2700
1	13	3	12700
1	13	4	21200
1	13	5	13800
1	13	6	21900
1	13	7	3800
1	13	8	15900
1	13	9	7400
1	13	10	4600
1	13	11	33100
1	13	12	9400
1	13	13	2400
1	13	63	425800
1	13	NA	475200
1	14	2	5400
1	14	3	2700
1	14	4	12700
1	14	5	21200
1	14	6	13800
1	14	7	21900
1	14	8	3800
1	14	9	15900
1	14	10	7400
1	14	11	4600
1	14	12	32800
1	14	13	9400
1	14	14	2400
1	14	64	424200
1	14	NA	474300
1	15	2	2900
1	15	3	5400
1	15	4	2600
1	15	5	12700
1	15	6	20700
1	15	7	13600
1	15	8	21800
1	15	9	3800
1	15	10	15700
1	15	11	7300
1	15	12	4500
1	15	13	32500
1	15	14	9400
1	15	15	2300
1	15	65	417200
1	15	NA	469500
1	16	2	13500
1	16	3	2900
1	16	4	5400
1	16	5	2600
1	16	6	12700
1	16	7	20700
1	16	8	13600
1	16	9	21700
1	16	10	3800
1	16	11	15700
1	16	12	7300
1	16	13	4500
1	16	14	32400
1	16	15	9400
1	16	16	2300
1	16	66	416600
1	16	NA	469300
1	17	2	1000
1	17	3	13300
1	17	4	2900
1	17	5	5400
1	17	6	2600
1	17	7	12700
1	17	8	20700
1	17	9	13600
1	17	10	21700
1	17	11	3800
1	17	12	15700
1	17	13	7300
1	17	14	4500
1	17	15	32400
1	17	16	9400
1	17	17	2300
1	17	67	413900
1	17	NA	467800
1	18	2	4400
1	18	3	1000
1	18	4	13200
1	18	5	2800
1	18	6	5300
1	18	7	2600
1	18	8	12500
1	18	9	20700
1	18	10	12700
1	18	11	21500
1	18	12	3700
1	18	13	15000
1	18	14	7100
1	18	15	4300
1	18	16	32100
1	18	17	9400
1	18	18	2300
1	18	68	409000
1	18	NA	465000
1	19	2	10800
1	19	3	4400
1	19	4	1000
1	19	5	13200
1	19	6	2800
1	19	7	5300
1	19	8	2600
1	19	9	12400
1	19	10	20700
1	19	11	12700
1	19	12	21400
1	19	13	3700
1	19	14	15000
1	19	15	7100
1	19	16	4300
1	19	17	32000
1	19	18	9400
1	19	19	2300
1	19	69	408000
1	19	NA	464800
1	20	2	1500
1	20	3	10800
1	20	4	4400
1	20	5	1000
1	20	6	13200
1	20	7	2800
1	20	8	5300
1	20	9	2600
1	20	10	12300
1	20	11	20300
1	20	12	12500
1	20	13	21200
1	20	14	3700
1	20	15	14800
1	20	16	7000
1	20	17	4300
1	20	18	31500
1	20	19	9200
1	20	20	2200
1	20	70	402600
1	20	NA	461800
2	1	51	537900
2	1	NA	517000
2	2	2	500
2	2	52	525100
2	2	NA	514400
2	3	2	14900
2	3	3	500
2	3	53	513500
2	3	NA	510400
2	4	2	15800
2	4	3	14700
2	4	4	500
2	4	54	499500
2	4	NA	505100
2	5	2	19600
2	5	3	15700
2	5	4	14700
2	5	5	400
2	5	55	494300
2	5	NA	502900
2	6	2	7600
2	6	3	19600
2	6	4	15600
2	6	5	14700
2	6	6	400
2	6	56	491000
2	6	NA	501300
2	7	2	5000
2	7	3	7600
2	7	4	19200
2	7	5	15500
2	7	6	14500
2	7	7	400
2	7	57	476300
2	7	NA	496100
2	8	2	20200
2	8	3	4900
2	8	4	7300
2	8	5	18600
2	8	6	14900
2	8	7	14100
2	8	8	400
2	8	58	449200
2	8	NA	487100
2	9	2	38700
2	9	3	20100
2	9	4	4900
2	9	5	7200
2	9	6	18600
2	9	7	14900
2	9	8	14100
2	9	9	400
2	9	59	446200
2	9	NA	485400
2	10	2	4900
2	10	3	38700
2	10	4	20100
2	10	5	4800
2	10	6	7200
2	10	7	18600
2	10	8	14800
2	10	9	13900
2	10	10	400
2	10	60	444500
2	10	NA	484100
2	11	2	3400
2	11	3	4900
2	11	4	38500
2	11	5	20100
2	11	6	4800
2	11	7	7200
2	11	8	18500
2	11	9	14700
2	11	10	13800
2	11	11	400
2	11	61	442900
2	11	NA	482800
2	12	2	3400
2	12	3	3300
2	12	4	4800
2	12	5	38100
2	12	6	19900
2	12	7	4800
2	12	8	7100
2	12	9	18500
2	12	10	14400
2	12	11	13700
2	12	12	400
2	12	62	431400
2	12	NA	478800
2	13	2	16700
2	13	3	3300
2	13	4	3300
2	13	5	4800
2	13	6	37900
2	13	7	19700
2	13	8	4800
2	13	9	7100
2	13	10	18300
2	13	11	14100
2	13	12	13200
2	13	13	300
2	13	63	419600
2	13	NA	474600
2	14	2	17700
2	14	3	16600
2	14	4	3300
2	14	5	3300
2	14	6	4700
2	14	7	37900
2	14	8	19700
2	14	9	4800
2	14	10	6900
2	14	11	18200
2	14	12	14000
2	14	13	13200
2	14	14	300
2	14	64	413400
2	14	NA	472800
2	15	2	8600
2	15	3	17400
2	15	4	16400
2	15	5	3300
2	15	6	3300
2	15	7	4600
2	15	8	37700
2	15	9	19600
2	15	10	4700
2	15	11	6900
2	15	12	18000
2	15	13	13900
2	15	14	12800
2	15	15	300
2	15	65	408000
2	15	NA	471100
2	16	2	8800
2	16	3	8600
2	16	4	17300
2	16	5	16400
2	16	6	3300
2	16	7	3300
2	16	8	4600
2	16	9	37700
2	16	10	19500
2	16	11	4700
2	16	12	6900
2	16	13	18000
2	16	14	13900
2	16	15	12800
2	16	16	300
2	16	66	407300
2	16	NA	469400
2	17	2	2600
2	17	3	8800
2	17	4	8600
2	17	5	17300
2	17	6	16400
2	17	7	3300
2	17	8	3300
2	17	9	4600
2	17	10	37300
2	17	11	19400
2	17	12	4500
2	17	13	6900
2	17	14	17900
2	17	15	13900
2	17	16	12800
2	17	17	300
2	17	67	404800
2	17	NA	468900
2	18	2	3800
2	18	3	2600
2	18	4	8800
2	18	5	8600
2	18	6	17200
2	18	7	16400
2	18	8	3300
2	18	9	3300
2	18	10	4500
2	18	11	37300
2	18	12	19300
2	18	13	4500
2	18	14	6900
2	18	15	17800
2	18	16	13700
2	18	17	12800
2	18	18	300
2	18	68	401800
2	18	NA	468300
2	19	2	4200
2	19	3	3800
2	19	4	2600
2	19	5	8800
2	19	6	8600
2	19	7	17200
2	19	8	16300
2	19	9	3300
2	19	10	3300
2	19	11	4500
2	19	12	37300
2	19	13	19300
2	19	14	4500
2	19	15	6900
2	19	16	17800
2	19	17	13700
2	19	18	12800
2	19	19	300
2	19	69	401300
2	19	NA	468100
2	20	2	800
2	20	3	4200
2	20	4	3800
2	20	5	2500
2	20	6	8800
2	20	7	8500
2	20	8	17100
2	20	9	16300
2	20	10	3300
2	20	11	3300
2	20	12	4500
2	20	13	37100
2	20	14	19100
2	20	15	4500
2	20	16	6700
2	20	17	17300
2	20	18	13700
2	20	19	12700
2	20	20	300
2	20	70	397500
2	20	NA	466400
3	1	51	535000
3	1	NA	516000
3	2	2	4400
3	2	52	529400
3	2	NA	512900
3	3	2	8700
3	3	3	4400
3	3	53	526100
3	3	NA	511800
3	4	2	4400
3	4	3	8700
3	4	4	4400
3	4	54	519700
3	4	NA	509200
3	5	2	9000
3	5	3	4400
3	5	4	8700
3	5	5	4400
3	5	55	518000
3	5	NA	508900
3	6	2	2000
3	6	3	9000
3	6	4	4400
3	6	5	8700
3	6	6	4400
3	6	56	513000
3	6	NA	507800
3	7	2	6100
3	7	3	2000
3	7	4	9000
3	7	5	4400
3	7	6	8700
3	7	7	4300
3	7	57	508200
3	7	NA	506600
3	8	2	6100
3	8	3	6100
3	8	4	2000
3	8	5	9000
3	8	6	4400
3	8	7	8700
3	8	8	4300
3	8	58	505300
3	8	NA	505900
3	9	2	3600
3	9	3	6100
3	9	4	6100
3	9	5	2000
3	9	6	9000
3	9	7	4300
3	9	8	8500
3	9	9	4300
3	9	59	500700
3	9	NA	504800
3	10	2	6000
3	10	3	3600
3	10	4	6100
3	10	5	6100
3	10	6	2000
3	10	7	9000
3	10	8	4300
3	10	9	8500
3	10	10	4300
3	10	60	496200
3	10	NA	503200
3	11	2	6100
3	11	3	6000
3	11	4	3600
3	11	5	6100
3	11	6	6100
3	11	7	2000
3	11	8	9000
3	11	9	4300
3	11	10	8500
3	11	11	4300
3	11	61	495100
3	11	NA	502600
3	12	2	1700
3	12	3	6100
3	12	4	6000
3	12	5	3600
3	12	6	6100
3	12	7	6100
3	12	8	2000
3	12	9	9000
3	12	10	4300
3	12	11	8500
3	12	12	4300
3	12	62	492800
3	12	NA	501500
3	13	2	3400
3	13	3	1700
3	13	4	6100
3	13	5	5900
3	13	6	3600
3	13	7	6100
3	13	8	6000
3	13	9	2000
3	13	10	8900
3	13	11	4300
3	13	12	8500
3	13	13	4100
3	13	63	485300
3	13	NA	498800
3	14	2	10700
3	14	3	3400
3	14	4	1700
3	14	5	6100
3	14	6	5900
3	14	7	3600
3	14	8	6100
3	14	9	6000
3	14	10	2000
3	14	11	8900
3	14	12	4300
3	14	13	8500
3	14	14	4100
3	14	64	483400
3	14	NA	497300
3	15	2	3400
3	15	3	10700
3	15	4	3400
3	15	5	1700
3	15	6	6100
3	15	7	5900
3	15	8	3600
3	15	9	6100
3	15	10	6000
3	15	11	2000
3	15	12	8700
3	15	13	4200
3	15	14	8400
3	15	15	4100
3	15	65	479400
3	15	NA	495200
3	16	2	6500
3	16	3	3400
3	16	4	10600
3	16	5	3400
3	16	6	1700
3	16	7	6100
3	16	8	5900
3	16	9	3600
3	16	10	6100
3	16	11	6000
3	16	12	1700
3	16	13	8700
3	16	14	4200
3	16	15	8300
3	16	16	4100
3	16	66	475600
3	16	NA	493600
3	17	2	5800
3	17	3	6400
3	17	4	3400
3	17	5	10400
3	17	6	3400
3	17	7	1700
3	17	8	5700
3	17	9	5900
3	17	10	3600
3	17	11	5900
3	17	12	5900
3	17	13	1700
3	17	14	8700
3	17	15	4000
3	17	16	8200
3	17	17	4100
3	17	67	467400
3	17	NA	490900
3	18	2	12200
3	18	3	5700
3	18	4	6400
3	18	5	3400
3	18	6	10300
3	18	7	3400
3	18	8	1700
3	18	9	5700
3	18	10	5900
3	18	11	3600
3	18	12	5900
3	18	13	5800
3	18	14	1700
3	18	15	8600
3	18	16	4000
3	18	17	8200
3	18	18	4000
3	18	68	459100
3	18	NA	490000
3	19	2	9800
3	19	3	12200
3	19	4	5700
3	19	5	6400
3	19	6	3400
3	19	7	10200
3	19	8	3400
3	19	9	1700
3	19	10	5700
3	19	11	5300
3	19	12	3500
3	19	13	5900
3	19	14	5700
3	19	15	1700
3	19	16	8300
3	19	17	3900
3	19	18	8200
3	19	19	4000
3	19	69	455100
3	19	NA	488100
3	20	2	7200
3	20	3	9700
3	20	4	12100
3	20	5	5700
3	20	6	6400
3	20	7	3400
3	20	8	10100
3	20	9	3300
3	20	10	1700
3	20	11	5700
3	20	12	5200
3	20	13	3500
3	20	14	5900
3	20	15	5700
3	20	16	1700
3	20	17	7900
3	20	18	3900
3	20	19	8200
3	20	20	3600
3	20	70	453700
3	20	NA	487000
4	1	51	522400
4	1	NA	510300
4	2	2	22500
4	2	52	519100
4	2	NA	509700
4	3	2	4100
4	3	3	22400
4	3	53	514200
4	3	NA	507700
4	4	2	7000
4	4	3	4000
4	4	4	22200
4	4	54	499900
4	4	NA	502700
4	5	2	19600
4	5	3	7000
4	5	4	4000
4	5	5	22100
4	5	55	496000
4	5	NA	501500
4	6	2	5200
4	6	3	19500
4	6	4	7000
4	6	5	4000
4	6	6	21900
4	6	56	494400
4	6	NA	500700
4	7	2	2700
4	7	3	5100
4	7	4	19500
4	7	5	6900
4	7	6	4000
4	7	7	21700
4	7	57	481200
4	7	NA	495700
4	8	2	18600
4	8	3	2700
4	8	4	5100
4	8	5	19500
4	8	6	6900
4	8	7	4000
4	8	8	21700
4	8	58	478000
4	8	NA	495300
4	9	2	3600
4	9	3	18600
4	9	4	2700
4	9	5	5000
4	9	6	19500
4	9	7	6900
4	9	8	4000
4	9	9	21700
4	9	59	476200
4	9	NA	494300
4	10	2	2900
4	10	3	3600
4	10	4	18600
4	10	5	2700
4	10	6	5000
4	10	7	19300
4	10	8	6800
4	10	9	4000
4	10	10	21400
4	10	60	471800
4	10	NA	492700
4	11	2	6600
4	11	3	2900
4	11	4	3600
4	11	5	18600
4	11	6	2700
4	11	7	4900
4	11	8	19100
4	11	9	6800
4	11	10	4000
4	11	11	21300
4	11	61	465700
4	11	NA	491100
4	12	2	8000
4	12	3	6500
4	12	4	2900
4	12	5	3600
4	12	6	18400
4	12	7	2700
4	12	8	4800
4	12	9	19000
4	12	10	6700
4	12	11	3900
4	12	12	21300
4	12	62	455900
4	12	NA	488300
4	13	2	13300
4	13	3	8000
4	13	4	6500
4	13	5	2900
4	13	6	3500
4	13	7	18400
4	13	8	2700
4	13	9	4800
4	13	10	19000
4	13	11	6600
4	13	12	3900
4	13	13	21100
4	13	63	452700
4	13	NA	486800
4	14	2	5200
4	14	3	13100
4	14	4	7800
4	14	5	6500
4	14	6	2800
4	14	7	3500
4	14	8	18200
4	14	9	2700
4	14	10	4600
4	14	11	19000
4	14	12	6600
4	14	13	3900
4	14	14	21000
4	14	64	444300
4	14	NA	482400
4	15	2	13600
4	15	3	5200
4	15	4	12800
4	15	5	7800
4	15	6	6500
4	15	7	2800
4	15	8	3500
4	15	9	17800
4	15	10	2500
4	15	11	4500
4	15	12	18800
4	15	13	6500
4	15	14	3900
4	15	15	20900
4	15	65	436300
4	15	NA	478600
4	16	2	13400
4	16	3	13500
4	16	4	5200
4	16	5	12700
4	16	6	7700
4	16	7	6500
4	16	8	2800
4	16	9	3500
4	16	10	17800
4	16	11	2500
4	16	12	4300
4	16	13	18200
4	16	14	6400
4	16	15	3900
4	16	16	20400
4	16	66	430000
4	16	NA	476100
4	17	2	10500
4	17	3	13300
4	17	4	13500
4	17	5	5200
4	17	6	12600
4	17	7	7600
4	17	8	6500
4	17	9	2800
4	17	10	3500
4	17	11	17800
4	17	12	2400
4	17	13	4200
4	17	14	18200
4	17	15	6300
4	17	16	3800
4	17	17	20300
4	17	67	424200
4	17	NA	474200
4	18	2	8500
4	18	3	10500
4	18	4	13300
4	18	5	13500
4	18	6	5200
4	18	7	12600
4	18	8	7600
4	18	9	6500
4	18	10	2800
4	18	11	3500
4	18	12	17600
4	18	13	2400
4	18	14	4100
4	18	15	18200
4	18	16	6300
4	18	17	3800
4	18	18	20300
4	18	68	422200
4	18	NA	473300
4	19	2	3200
4	19	3	8500
4	19	4	10500
4	19	5	13300
4	19	6	13500
4	19	7	5200
4	19	8	12600
4	19	9	7600
4	19	10	6500
4	19	11	2800
4	19	12	3500
4	19	13	17300
4	19	14	2400
4	19	15	4100
4	19	16	18200
4	19	17	6300
4	19	18	3800
4	19	19	20200
4	19	69	419400
4	19	NA	471500
4	20	2	5000
4	20	3	3100
4	20	4	8500
4	20	5	10400
4	20	6	13200
4	20	7	13500
4	20	8	5200
4	20	9	12600
4	20	10	7500
4	20	11	6000
4	20	12	2800
4	20	13	3500
4	20	14	17300
4	20	15	2300
4	20	16	3900
4	20	17	17700
4	20	18	6000
4	20	19	3500
4	20	20	19600
4	20	70	411500
4	20	NA	468700
5	1	51	536000
5	1	NA	516800
5	2	2	2500
5	2	52	519300
5	2	NA	510200
5	3	2	23100
5	3	3	2500
5	3	53	514400
5	3	NA	508900
5	4	2	6500
5	4	3	22900
5	4	4	2500
5	4	54	507100
5	4	NA	505500
5	5	2	10900
5	5	3	6500
5	5	4	22900
5	5	5	2500
5	5	55	500400
5	5	NA	503400
5	6	2	8700
5	6	3	10900
5	6	4	6500
5	6	5	22900
5	6	6	2500
5	6	56	496800
5	6	NA	502200
5	7	2	4900
5	7	3	8700
5	7	4	10700
5	7	5	6400
5	7	6	22600
5	7	7	2500
5	7	57	484200
5	7	NA	497400
5	8	2	17900
5	8	3	4900
5	8	4	8500
5	8	5	10700
5	8	6	6400
5	8	7	22400
5	8	8	2500
5	8	58	481100
5	8	NA	495700
5	9	2	5300
5	9	3	17900
5	9	4	4900
5	9	5	8500
5	9	6	10700
5	9	7	6400
5	9	8	22300
5	9	9	2500
5	9	59	478000
5	9	NA	495400
5	10	2	3500
5	10	3	5300
5	10	4	17800
5	10	5	4900
5	10	6	8500
5	10	7	10600
5	10	8	6400
5	10	9	22300
5	10	10	2500
5	10	60	473500
5	10	NA	493700
5	11	2	6300
5	11	3	3500
5	11	4	5300
5	11	5	17500
5	11	6	4700
5	11	7	7900
5	11	8	10500
5	11	9	6300
5	11	10	21300
5	11	11	2300
5	11	61	454500
5	11	NA	485700
5	12	2	29600
5	12	3	6300
5	12	4	3500
5	12	5	5300
5	12	6	17500
5	12	7	4600
5	12	8	7900
5	12	9	10500
5	12	10	6300
5	12	11	21300
5	12	12	2300
5	12	62	453300
5	12	NA	485400
5	13	2	1500
5	13	3	28500
5	13	4	6300
5	13	5	3400
5	13	6	5100
5	13	7	17300
5	13	8	4500
5	13	9	7600
5	13	10	9000
5	13	11	5900
5	13	12	19400
5	13	13	2300
5	13	63	424400
5	13	NA	475700
5	14	2	44000
5	14	3	1500
5	14	4	27700
5	14	5	6300
5	14	6	3400
5	14	7	5000
5	14	8	17300
5	14	9	4500
5	14	10	7400
5	14	11	9000
5	14	12	5000
5	14	13	18600
5	14	14	2300
5	14	64	416300
5	14	NA	471400
5	15	2	15700
5	15	3	44000
5	15	4	1500
5	15	5	27700
5	15	6	6300
5	15	7	3400
5	15	8	5000
5	15	9	17300
5	15	10	4500
5	15	11	7400
5	15	12	9000
5	15	13	5000
5	15	14	18500
5	15	15	2300
5	15	65	414600
5	15	NA	470900
5	16	2	2300
5	16	3	15500
5	16	4	42300
5	16	5	1500
5	16	6	26100
5	16	7	6100
5	16	8	3400
5	16	9	4900
5	16	10	16300
5	16	11	4400
5	16	12	7100
5	16	13	8900
5	16	14	4600
5	16	15	17400
5	16	16	2200
5	16	66	393200
5	16	NA	461900
5	17	2	37300
5	17	3	2300
5	17	4	15500
5	17	5	42300
5	17	6	1500
5	17	7	26100
5	17	8	6000
5	17	9	3400
5	17	10	4900
5	17	11	16300
5	17	12	4400
5	17	13	7100
5	17	14	8900
5	17	15	4600
5	17	16	17400
5	17	17	2200
5	17	67	391600
5	17	NA	461400
5	18	2	2200
5	18	3	36200
5	18	4	2200
5	18	5	15100
5	18	6	41900
5	18	7	1400
5	18	8	25500
5	18	9	6000
5	18	10	3400
5	18	11	4900
5	18	12	15600
5	18	13	4400
5	18	14	7000
5	18	15	8700
5	18	16	4500
5	18	17	16900
5	18	18	2200
5	18	68	380600
5	18	NA	457000
5	19	2	19700
5	19	3	2200
5	19	4	36100
5	19	5	2200
5	19	6	15100
5	19	7	41800
5	19	8	1400
5	19	9	25500
5	19	10	6000
5	19	11	3300
5	19	12	4900
5	19	13	15600
5	19	14	4400
5	19	15	7000
5	19	16	8700
5	19	17	4500
5	19	18	16900
5	19	19	2200
5	19	69	377600
5	19	NA	456700
5	20	2	3500
5	20	3	19600
5	20	4	2200
5	20	5	36100
5	20	6	2200
5	20	7	14900
5	20	8	41400
5	20	9	1400
5	20	10	24900
5	20	11	6000
5	20	12	2800
5	20	13	4900
5	20	14	15200
5	20	15	4200
5	20	16	6700
5	20	17	8700
5	20	18	4400
5	20	19	16600
5	20	20	2200
5	20	70	369700
5	20	NA	454100
6	1	51	527500
6	1	NA	514000
6	2	2	13800
6	2	52	524100
6	2	NA	513100
6	3	2	4400
6	3	3	13800
6	3	53	521900
6	3	NA	512700
6	4	2	2600
6	4	3	4400
6	4	4	13800
6	4	54	518200
6	4	NA	512300
6	5	2	4100
6	5	3	2600
6	5	4	4400
6	5	5	13800
6	5	55	515200
6	5	NA	510900
6	6	2	4400
6	6	3	4100
6	6	4	2500
6	6	5	4400
6	6	6	13800
6	6	56	512600
6	6	NA	509700
6	7	2	3800
6	7	3	4400
6	7	4	4100
6	7	5	2500
6	7	6	4400
6	7	7	13800
6	7	57	509600
6	7	NA	508400
6	8	2	4400
6	8	3	3800
6	8	4	4400
6	8	5	4100
6	8	6	2500
6	8	7	4400
6	8	8	13800
6	8	58	506900
6	8	NA	507600
6	9	2	3300
6	9	3	4400
6	9	4	3800
6	9	5	4300
6	9	6	4100
6	9	7	2500
6	9	8	4300
6	9	9	13600
6	9	59	499500
6	9	NA	505000
6	10	2	10500
6	10	3	3300
6	10	4	4400
6	10	5	3700
6	10	6	4300
6	10	7	4000
6	10	8	2500
6	10	9	4300
6	10	10	13400
6	10	60	493800
6	10	NA	503200
6	11	2	8000
6	11	3	10500
6	11	4	3100
6	11	5	4400
6	11	6	3700
6	11	7	4300
6	11	8	4000
6	11	9	2500
6	11	10	4300
6	11	11	13300
6	11	61	489900
6	11	NA	502400
6	12	2	5000
6	12	3	7900
6	12	4	10500
6	12	5	3100
6	12	6	4400
6	12	7	3700
6	12	8	4300
6	12	9	4000
6	12	10	2500
6	12	11	4300
6	12	12	13300
6	12	62	486300
6	12	NA	500800
6	13	2	5300
6	13	3	5000
6	13	4	7900
6	13	5	10500
6	13	6	3100
6	13	7	4300
6	13	8	3600
6	13	9	4100
6	13	10	4000
6	13	11	2500
6	13	12	4300
6	13	13	13300
6	13	63	477700
6	13	NA	497600
6	14	2	12200
6	14	3	5300
6	14	4	5000
6	14	5	7900
6	14	6	10500
6	14	7	3100
6	14	8	4300
6	14	9	3600
6	14	10	4100
6	14	11	4000
6	14	12	2500
6	14	13	4300
6	14	14	13300
6	14	64	477400
6	14	NA	497400
6	15	2	500
6	15	3	12100
6	15	4	5300
6	15	5	4900
6	15	6	7900
6	15	7	10400
6	15	8	3100
6	15	9	4200
6	15	10	3600
6	15	11	4100
6	15	12	4000
6	15	13	2500
6	15	14	4300
6	15	15	13300
6	15	65	473400
6	15	NA	496400
6	16	2	5400
6	16	3	500
6	16	4	12100
6	16	5	5300
6	16	6	4900
6	16	7	7900
6	16	8	10400
6	16	9	3000
6	16	10	4200
6	16	11	3600
6	16	12	4100
6	16	13	4000
6	16	14	2500
6	16	15	4300
6	16	16	13300
6	16	66	471700
6	16	NA	495800
6	17	2	2400
6	17	3	5400
6	17	4	500
6	17	5	12100
6	17	6	5300
6	17	7	4900
6	17	8	7800
6	17	9	10400
6	17	10	3000
6	17	11	4200
6	17	12	3600
6	17	13	4100
6	17	14	3900
6	17	15	2500
6	17	16	4300
6	17	17	13300
6	17	67	468600
6	17	NA	494200
6	18	2	4600
6	18	3	2400
6	18	4	5200
6	18	5	500
6	18	6	11900
6	18	7	5300
6	18	8	4800
6	18	9	7500
6	18	10	10000
6	18	11	2700
6	18	12	3900
6	18	13	2900
6	18	14	4000
6	18	15	3800
6	18	16	2200
6	18	17	4100
6	18	18	12200
6	18	68	447700
6	18	NA	485900
6	19	2	33400
6	19	3	4600
6	19	4	2400
6	19	5	5200
6	19	6	500
6	19	7	11700
6	19	8	5300
6	19	9	4800
6	19	10	6600
6	19	11	9800
6	19	12	2700
6	19	13	3900
6	19	14	2900
6	19	15	4000
6	19	16	3800
6	19	17	2100
6	19	18	4000
6	19	19	11300
6	19	69	435100
6	19	NA	482800
6	20	2	18500
6	20	3	33200
6	20	4	4600
6	20	5	2400
6	20	6	5200
6	20	7	500
6	20	8	11700
6	20	9	5300
6	20	10	4700
6	20	11	6600
6	20	12	9800
6	20	13	2700
6	20	14	3900
6	20	15	2900
6	20	16	3900
6	20	17	3300
6	20	18	2000
6	20	19	4000
6	20	20	10900
6	20	70	431300
6	20	NA	481500
7	1	51	529800
7	1	NA	511200
7	2	2	14300
7	2	52	524900
7	2	NA	509200
7	3	2	7000
7	3	3	14200
7	3	53	519900
7	3	NA	506300
7	4	2	8000
7	4	3	7000
7	4	4	14100
7	4	54	508100
7	4	NA	503600
7	5	2	14500
7	5	3	8000
7	5	4	7000
7	5	5	14000
7	5	55	505600
7	5	NA	502700
7	6	2	3600
7	6	3	14500
7	6	4	8000
7	6	5	6900
7	6	6	13900
7	6	56	505100
7	6	NA	501800
7	7	2	1600
7	7	3	3600
7	7	4	14400
7	7	5	8000
7	7	6	6900
7	7	7	13900
7	7	57	501200
7	7	NA	500600
7	8	2	5200
7	8	3	1600
7	8	4	3600
7	8	5	14300
7	8	6	8000
7	8	7	6900
7	8	8	13800
7	8	58	497500
7	8	NA	499700
7	9	2	4800
7	9	3	5200
7	9	4	1600
7	9	5	3600
7	9	6	14200
7	9	7	8000
7	9	8	6900
7	9	9	13800
7	9	59	491000
7	9	NA	497000
7	10	2	9300
7	10	3	4800
7	10	4	5200
7	10	5	1600
7	10	6	3500
7	10	7	14000
7	10	8	8000
7	10	9	6900
7	10	10	13700
7	10	60	485200
7	10	NA	495000
7	11	2	8100
7	11	3	9200
7	11	4	4800
7	11	5	5200
7	11	6	1600
7	11	7	3500
7	11	8	14000
7	11	9	8000
7	11	10	6800
7	11	11	13500
7	11	61	480700
7	11	NA	493100
7	12	2	6800
7	12	3	8100
7	12	4	9200
7	12	5	4800
7	12	6	5200
7	12	7	1600
7	12	8	3300
7	12	9	14000
7	12	10	7900
7	12	11	6800
7	12	12	13300
7	12	62	478200
7	12	NA	491400
7	13	2	4800
7	13	3	6800
7	13	4	8100
7	13	5	9100
7	13	6	4800
7	13	7	5200
7	13	8	1600
7	13	9	3300
7	13	10	14000
7	13	11	7800
7	13	12	6800
7	13	13	13000
7	13	63	475000
7	13	NA	490000
7	14	2	5000
7	14	3	4800
7	14	4	6800
7	14	5	8100
7	14	6	9100
7	14	7	4600
7	14	8	5100
7	14	9	1600
7	14	10	3300
7	14	11	13800
7	14	12	7800
7	14	13	6800
7	14	14	12700
7	14	64	470500
7	14	NA	489200
7	15	2	6100
7	15	3	5000
7	15	4	4800
7	15	5	6800
7	15	6	7900
7	15	7	9100
7	15	8	4500
7	15	9	5100
7	15	10	1500
7	15	11	3300
7	15	12	13300
7	15	13	7600
7	15	14	6800
7	15	15	12700
7	15	65	462000
7	15	NA	485700
7	16	2	13100
7	16	3	6000
7	16	4	4900
7	16	5	4800
7	16	6	6800
7	16	7	7900
7	16	8	9000
7	16	9	4400
7	16	10	5100
7	16	11	1500
7	16	12	3300
7	16	13	13000
7	16	14	7500
7	16	15	6800
7	16	16	12500
7	16	66	451000
7	16	NA	483000
7	17	2	14600
7	17	3	13100
7	17	4	5900
7	17	5	4900
7	17	6	4800
7	17	7	6800
7	17	8	7800
7	17	9	9000
7	17	10	4300
7	17	11	5000
7	17	12	1500
7	17	13	3300
7	17	14	13000
7	17	15	7400
7	17	16	6800
7	17	17	12400
7	17	67	447500
7	17	NA	481700
7	18	2	5500
7	18	3	14600
7	18	4	12900
7	18	5	5900
7	18	6	4900
7	18	7	4800
7	18	8	6800
7	18	9	7700
7	18	10	8900
7	18	11	4200
7	18	12	4900
7	18	13	1500
7	18	14	3300
7	18	15	12400
7	18	16	7300
7	18	17	6600
7	18	18	12400
7	18	68	440300
7	18	NA	479500
7	19	2	10900
7	19	3	5400
7	19	4	14400
7	19	5	12800
7	19	6	5800
7	19	7	4900
7	19	8	4800
7	19	9	6800
7	19	10	7200
7	19	11	8300
7	19	12	3400
7	19	13	4900
7	19	14	1300
7	19	15	3100
7	19	16	12300
7	19	17	7100
7	19	18	6600
7	19	19	12400
7	19	69	429200
7	19	NA	474600
7	20	2	19000
7	20	3	10700
7	20	4	5400
7	20	5	14400
7	20	6	12800
7	20	7	5800
7	20	8	4900
7	20	9	4800
7	20	10	6700
7	20	11	6800
7	20	12	8300
7	20	13	3300
7	20	14	4900
7	20	15	1300
7	20	16	3100
7	20	17	12000
7	20	18	6700
7	20	19	6500
7	20	20	12400
7	20	70	423000
7	20	NA	472500
8	1	51	535600
8	1	NA	515900
8	2	2	3900
8	2	52	510100
8	2	NA	505600
8	3	2	35200
8	3	3	3900
8	3	53	501600
8	3	NA	502700
8	4	2	12000
8	4	3	35100
8	4	4	3700
8	4	54	499200
8	4	NA	501500
8	5	2	3900
8	5	3	12000
8	5	4	35100
8	5	5	3700
8	5	55	495600
8	5	NA	499900
8	6	2	5200
8	6	3	3900
8	6	4	12000
8	6	5	35000
8	6	6	3700
8	6	56	495300
8	6	NA	499700
8	7	2	600
8	7	3	5100
8	7	4	3900
8	7	5	12000
8	7	6	34900
8	7	7	3700
8	7	57	489100
8	7	NA	496000
8	8	2	10100
8	8	3	600
8	8	4	5100
8	8	5	3900
8	8	6	12000
8	8	7	34800
8	8	8	3700
8	8	58	486800
8	8	NA	495600
8	9	2	2800
8	9	3	10100
8	9	4	600
8	9	5	5100
8	9	6	3900
8	9	7	12000
8	9	8	34700
8	9	9	3700
8	9	59	480900
8	9	NA	493500
8	10	2	8100
8	10	3	2800
8	10	4	10100
8	10	5	600
8	10	6	5100
8	10	7	3900
8	10	8	11900
8	10	9	34700
8	10	10	3700
8	10	60	479100
8	10	NA	493100
8	11	2	2300
8	11	3	8100
8	11	4	2800
8	11	5	10100
8	11	6	600
8	11	7	5100
8	11	8	3900
8	11	9	11900
8	11	10	34700
8	11	11	3500
8	11	61	478100
8	11	NA	492800
8	12	2	1500
8	12	3	2300
8	12	4	8100
8	12	5	2800
8	12	6	10100
8	12	7	600
8	12	8	5100
8	12	9	3900
8	12	10	11900
8	12	11	34200
8	12	12	3500
8	12	62	474800
8	12	NA	491800
8	13	2	4800
8	13	3	1500
8	13	4	2300
8	13	5	8100
8	13	6	2700
8	13	7	10100
8	13	8	600
8	13	9	5100
8	13	10	3900
8	13	11	11800
8	13	12	34100
8	13	13	3500
8	13	63	470400
8	13	NA	490700
8	14	2	5700
8	14	3	4800
8	14	4	1500
8	14	5	2300
8	14	6	8000
8	14	7	2600
8	14	8	10100
8	14	9	600
8	14	10	5100
8	14	11	3900
8	14	12	11800
8	14	13	34000
8	14	14	3500
8	14	64	461400
8	14	NA	488800
8	15	2	11100
8	15	3	5600
8	15	4	4800
8	15	5	1500
8	15	6	2300
8	15	7	8000
8	15	8	2600
8	15	9	10100
8	15	10	600
8	15	11	5100
8	15	12	3900
8	15	13	11800
8	15	14	34000
8	15	15	3500
8	15	65	458600
8	15	NA	488200
8	16	2	3700
8	16	3	11100
8	16	4	5600
8	16	5	4700
8	16	6	1500
8	16	7	2200
8	16	8	7900
8	16	9	2600
8	16	10	10000
8	16	11	600
8	16	12	5100
8	16	13	3900
8	16	14	11500
8	16	15	33500
8	16	16	3500
8	16	66	453400
8	16	NA	486800
8	17	2	7800
8	17	3	3600
8	17	4	11100
8	17	5	5500
8	17	6	4700
8	17	7	1500
8	17	8	2200
8	17	9	7800
8	17	10	2600
8	17	11	9900
8	17	12	600
8	17	13	5000
8	17	14	3900
8	17	15	11300
8	17	16	32900
8	17	17	3500
8	17	67	444600
8	17	NA	485900
8	18	2	10900
8	18	3	7800
8	18	4	3600
8	18	5	11100
8	18	6	5500
8	18	7	4700
8	18	8	1500
8	18	9	2200
8	18	10	7800
8	18	11	2600
8	18	12	9900
8	18	13	600
8	18	14	5000
8	18	15	3900
8	18	16	11300
8	18	17	32900
8	18	18	3500
8	18	68	442100
8	18	NA	485900
8	19	2	2600
8	19	3	10900
8	19	4	7800
8	19	5	3600
8	19	6	11100
8	19	7	5500
8	19	8	4700
8	19	9	1500
8	19	10	2200
8	19	11	7800
8	19	12	2600
8	19	13	9900
8	19	14	600
8	19	15	5000
8	19	16	3900
8	19	17	11000
8	19	18	32700
8	19	19	3500
8	19	69	441000
8	19	NA	485700
8	20	2	1800
8	20	3	2600
8	20	4	10800
8	20	5	7800
8	20	6	3600
8	20	7	10800
8	20	8	5500
8	20	9	4700
8	20	10	1500
8	20	11	2200
8	20	12	7800
8	20	13	2600
8	20	14	9800
8	20	15	600
8	20	16	5000
8	20	17	3900
8	20	18	10900
8	20	19	32200
8	20	20	3500
8	20	70	434100
8	20	NA	483500
9	1	51	535900
9	1	NA	516700
9	2	2	2800
9	2	52	532900
9	2	NA	515900
9	3	2	3800
9	3	3	2800
9	3	53	514700
9	3	NA	509900
9	4	2	24000
9	4	3	3800
9	4	4	2800
9	4	54	511200
9	4	NA	508600
9	5	2	5000
9	5	3	24000
9	5	4	3800
9	5	5	2800
9	5	55	507400
9	5	NA	507800
9	6	2	4600
9	6	3	5000
9	6	4	23900
9	6	5	3800
9	6	6	2800
9	6	56	505200
9	6	NA	506600
9	7	2	3500
9	7	3	4600
9	7	4	5000
9	7	5	23900
9	7	6	3800
9	7	7	2700
9	7	57	503100
9	7	NA	505500
9	8	2	3300
9	8	3	3500
9	8	4	4600
9	8	5	4900
9	8	6	23900
9	8	7	3800
9	8	8	2700
9	8	58	498700
9	8	NA	502600
9	9	2	7400
9	9	3	3300
9	9	4	3500
9	9	5	4500
9	9	6	4800
9	9	7	23900
9	9	8	3800
9	9	9	2700
9	9	59	495300
9	9	NA	501300
9	10	2	4900
9	10	3	7400
9	10	4	3300
9	10	5	3500
9	10	6	4500
9	10	7	4800
9	10	8	23900
9	10	9	3800
9	10	10	2700
9	10	60	493300
9	10	NA	500800
9	11	2	2500
9	11	3	4900
9	11	4	7400
9	11	5	3300
9	11	6	3500
9	11	7	4500
9	11	8	4800
9	11	9	23500
9	11	10	3800
9	11	11	2700
9	11	61	488900
9	11	NA	498900
9	12	2	6600
9	12	3	2500
9	12	4	4900
9	12	5	7400
9	12	6	3300
9	12	7	3500
9	12	8	4500
9	12	9	4800
9	12	10	23300
9	12	11	3800
9	12	12	2600
9	12	62	483700
9	12	NA	496800
9	13	2	7700
9	13	3	6600
9	13	4	2500
9	13	5	4900
9	13	6	7400
9	13	7	3300
9	13	8	3500
9	13	9	4500
9	13	10	4800
9	13	11	23000
9	13	12	3800
9	13	13	2600
9	13	63	477500
9	13	NA	494800
9	14	2	8400
9	14	3	7700
9	14	4	6600
9	14	5	2400
9	14	6	4700
9	14	7	7400
9	14	8	3300
9	14	9	3500
9	14	10	4500
9	14	11	4700
9	14	12	22700
9	14	13	3800
9	14	14	2500
9	14	64	469700
9	14	NA	491800
9	15	2	11600
9	15	3	8400
9	15	4	7700
9	15	5	6600
9	15	6	2400
9	15	7	4700
9	15	8	7300
9	15	9	3200
9	15	10	3500
9	15	11	4400
9	15	12	4700
9	15	13	22300
9	15	14	3800
9	15	15	2500
9	15	65	465100
9	15	NA	489700
9	16	2	7500
9	16	3	11500
9	16	4	8300
9	16	5	7700
9	16	6	6600
9	16	7	2400
9	16	8	4600
9	16	9	7200
9	16	10	3200
9	16	11	3400
9	16	12	4400
9	16	13	4700
9	16	14	22000
9	16	15	3700
9	16	16	2500
9	16	66	453300
9	16	NA	486000
9	17	2	16200
9	17	3	7300
9	17	4	11500
9	17	5	8300
9	17	6	7700
9	17	7	6600
9	17	8	2400
9	17	9	4600
9	17	10	7200
9	17	11	3200
9	17	12	3400
9	17	13	4400
9	17	14	4700
9	17	15	22000
9	17	16	3700
9	17	17	2500
9	17	67	451300
9	17	NA	485400
9	18	2	3000
9	18	3	16200
9	18	4	7200
9	18	5	11500
9	18	6	8300
9	18	7	7600
9	18	8	6500
9	18	9	2400
9	18	10	4400
9	18	11	7200
9	18	12	3200
9	18	13	3400
9	18	14	4100
9	18	15	4600
9	18	16	21400
9	18	17	3700
9	18	18	2500
9	18	68	444200
9	18	NA	483100
9	19	2	10900
9	19	3	3000
9	19	4	16100
9	19	5	7200
9	19	6	11400
9	19	7	8300
9	19	8	7400
9	19	9	6500
9	19	10	2400
9	19	11	4400
9	19	12	7200
9	19	13	3200
9	19	14	3400
9	19	15	4000
9	19	16	4600
9	19	17	21300
9	19	18	3700
9	19	19	2500
9	19	69	440000
9	19	NA	481900
9	20	2	5900
9	20	3	10900
9	20	4	3000
9	20	5	16100
9	20	6	7200
9	20	7	11300
9	20	8	8300
9	20	9	7200
9	20	10	6500
9	20	11	2400
9	20	12	4400
9	20	13	7000
9	20	14	3200
9	20	15	3400
9	20	16	4000
9	20	17	4600
9	20	18	21200
9	20	19	3600
9	20	20	2500
9	20	70	438400
9	20	NA	481100
10	1	51	518600
10	1	NA	510400
10	2	2	26300
10	2	52	512700
10	2	NA	507400
10	3	2	9000
10	3	3	26100
10	3	53	510000
10	3	NA	506200
10	4	2	4100
10	4	3	9000
10	4	4	26000
10	4	54	506200
10	4	NA	505700
10	5	2	4400
10	5	3	4100
10	5	4	9000
10	5	5	25800
10	5	55	499700
10	5	NA	503700
10	6	2	8700
10	6	3	4400
10	6	4	4100
10	6	5	8900
10	6	6	25600
10	6	56	493400
10	6	NA	502500
10	7	2	7800
10	7	3	8500
10	7	4	4400
10	7	5	4100
10	7	6	8800
10	7	7	25600
10	7	57	492300
10	7	NA	501900
10	8	2	2000
10	8	3	7800
10	8	4	8500
10	8	5	4300
10	8	6	4100
10	8	7	8800
10	8	8	25600
10	8	58	487400
10	8	NA	5e+05
10	9	2	6900
10	9	3	2000
10	9	4	7700
10	9	5	8500
10	9	6	4300
10	9	7	4100
10	9	8	8800
10	9	9	25600
10	9	59	482800
10	9	NA	499500
10	10	2	5200
10	10	3	6900
10	10	4	2000
10	10	5	7700
10	10	6	8400
10	10	7	4300
10	10	8	4100
10	10	9	8700
10	10	10	25600
10	10	60	477100
10	10	NA	497700
10	11	2	7700
10	11	3	5200
10	11	4	6900
10	11	5	1900
10	11	6	7700
10	11	7	8300
10	11	8	4200
10	11	9	4100
10	11	10	8600
10	11	11	25400
10	11	61	470100
10	11	NA	495000
10	12	2	10200
10	12	3	7700
10	12	4	5200
10	12	5	6900
10	12	6	1900
10	12	7	7700
10	12	8	8300
10	12	9	4200
10	12	10	4100
10	12	11	8500
10	12	12	25400
10	12	62	468300
10	12	NA	493700
10	13	2	3300
10	13	3	10200
10	13	4	7600
10	13	5	5200
10	13	6	6900
10	13	7	1900
10	13	8	7700
10	13	9	8300
10	13	10	4200
10	13	11	4100
10	13	12	8500
10	13	13	25400
10	13	63	468100
10	13	NA	493600
10	14	2	400
10	14	3	3200
10	14	4	9900
10	14	5	7600
10	14	6	5200
10	14	7	6900
10	14	8	1900
10	14	9	7500
10	14	10	8200
10	14	11	3700
10	14	12	4000
10	14	13	8100
10	14	14	24800
10	14	64	458000
10	14	NA	489200
10	15	2	16100
10	15	3	400
10	15	4	3200
10	15	5	9700
10	15	6	7600
10	15	7	5100
10	15	8	6800
10	15	9	1900
10	15	10	6500
10	15	11	7800
10	15	12	3700
10	15	13	3800
10	15	14	7800
10	15	15	23700
10	15	65	439600
10	15	NA	483100
10	16	2	28500
10	16	3	16000
10	16	4	400
10	16	5	3100
10	16	6	9600
10	16	7	7600
10	16	8	5100
10	16	9	6700
10	16	10	1900
10	16	11	6500
10	16	12	7700
10	16	13	3500
10	16	14	3700
10	16	15	7800
10	16	16	23100
10	16	66	434700
10	16	NA	481700
10	17	2	7800
10	17	3	28000
10	17	4	15700
10	17	5	400
10	17	6	3100
10	17	7	9500
10	17	8	7600
10	17	9	5100
10	17	10	6400
10	17	11	1800
10	17	12	6200
10	17	13	7300
10	17	14	3400
10	17	15	3700
10	17	16	7800
10	17	17	22200
10	17	67	420200
10	17	NA	477500
10	18	2	21700
10	18	3	7800
10	18	4	27600
10	18	5	15600
10	18	6	400
10	18	7	3100
10	18	8	9400
10	18	9	7600
10	18	10	5000
10	18	11	6300
10	18	12	1800
10	18	13	5600
10	18	14	6800
10	18	15	3400
10	18	16	3400
10	18	17	7600
10	18	18	21900
10	18	68	412900
10	18	NA	473800
10	19	2	13700
10	19	3	21600
10	19	4	7700
10	19	5	27600
10	19	6	15600
10	19	7	400
10	19	8	3100
10	19	9	9400
10	19	10	7600
10	19	11	5000
10	19	12	6300
10	19	13	1800
10	19	14	5600
10	19	15	6800
10	19	16	3400
10	19	17	3400
10	19	18	7600
10	19	19	21900
10	19	69	412100
10	19	NA	472900
10	20	2	1900
10	20	3	13700
10	20	4	21600
10	20	5	7700
10	20	6	27500
10	20	7	15600
10	20	8	400
10	20	9	3100
10	20	10	9400
10	20	11	7500
10	20	12	4900
10	20	13	6300
10	20	14	1800
10	20	15	5600
10	20	16	6700
10	20	17	3400
10	20	18	3400
10	20	19	7600
10	20	20	21600
10	20	70	411000
10	20	NA	472500
11	1	51	535300
11	1	NA	516700
11	2	2	3400
11	2	52	533300
11	2	NA	516200
11	3	2	2500
11	3	3	3400
11	3	53	529900
11	3	NA	514900
11	4	2	4700
11	4	3	2500
11	4	4	3400
11	4	54	524400
11	4	NA	513200
11	5	2	7200
11	5	3	4700
11	5	4	2500
11	5	5	3400
11	5	55	520600
11	5	NA	512400
11	6	2	4600
11	6	3	7200
11	6	4	4700
11	6	5	2500
11	6	6	3400
11	6	56	516900
11	6	NA	511600
11	7	2	4400
11	7	3	4600
11	7	4	7200
11	7	5	4700
11	7	6	2500
11	7	7	3300
11	7	57	506100
11	7	NA	508100
11	8	2	14500
11	8	3	4400
11	8	4	4600
11	8	5	7200
11	8	6	4700
11	8	7	2300
11	8	8	3300
11	8	58	497300
11	8	NA	505700
11	9	2	11400
11	9	3	14500
11	9	4	4400
11	9	5	4600
11	9	6	7200
11	9	7	4700
11	9	8	2300
11	9	9	3300
11	9	59	495400
11	9	NA	504800
11	10	2	2800
11	10	3	11200
11	10	4	14400
11	10	5	4400
11	10	6	4600
11	10	7	7200
11	10	8	4700
11	10	9	2300
11	10	10	3200
11	10	60	493600
11	10	NA	504200
11	11	2	2800
11	11	3	2800
11	11	4	11200
11	11	5	14400
11	11	6	4400
11	11	7	4600
11	11	8	7200
11	11	9	4700
11	11	10	2300
11	11	11	3200
11	11	61	492400
11	11	NA	503800
11	12	2	1600
11	12	3	2800
11	12	4	2800
11	12	5	10900
11	12	6	14300
11	12	7	4400
11	12	8	4600
11	12	9	7200
11	12	10	4500
11	12	11	2300
11	12	12	3000
11	12	62	481400
11	12	NA	500700
11	13	2	14900
11	13	3	1600
11	13	4	2800
11	13	5	2800
11	13	6	10800
11	13	7	14300
11	13	8	4400
11	13	9	4600
11	13	10	7200
11	13	11	4500
11	13	12	2300
11	13	13	3000
11	13	63	479600
11	13	NA	499900
11	14	2	2700
11	14	3	14900
11	14	4	1600
11	14	5	2800
11	14	6	2800
11	14	7	10800
11	14	8	14200
11	14	9	4400
11	14	10	4600
11	14	11	7200
11	14	12	4500
11	14	13	2300
11	14	14	3000
11	14	64	477700
11	14	NA	499400
11	15	2	2500
11	15	3	2700
11	15	4	14900
11	15	5	1600
11	15	6	2800
11	15	7	2800
11	15	8	10800
11	15	9	14200
11	15	10	4400
11	15	11	4600
11	15	12	7200
11	15	13	4500
11	15	14	2200
11	15	15	3000
11	15	65	476300
11	15	NA	499100
11	16	2	1800
11	16	3	2500
11	16	4	2600
11	16	5	14700
11	16	6	1600
11	16	7	2800
11	16	8	2800
11	16	9	10800
11	16	10	14100
11	16	11	4300
11	16	12	4400
11	16	13	7100
11	16	14	4400
11	16	15	2200
11	16	16	3000
11	16	66	467200
11	16	NA	495800
11	17	2	13300
11	17	3	1800
11	17	4	2500
11	17	5	2600
11	17	6	14600
11	17	7	1600
11	17	8	2700
11	17	9	2700
11	17	10	10800
11	17	11	14100
11	17	12	4200
11	17	13	4400
11	17	14	7000
11	17	15	4300
11	17	16	2200
11	17	17	2800
11	17	67	463400
11	17	NA	493200
11	18	2	7200
11	18	3	13200
11	18	4	1800
11	18	5	2500
11	18	6	2600
11	18	7	14600
11	18	8	1600
11	18	9	2700
11	18	10	2700
11	18	11	10800
11	18	12	14100
11	18	13	4100
11	18	14	4400
11	18	15	6800
11	18	16	4100
11	18	17	2200
11	18	18	2800
11	18	68	457900
11	18	NA	491400
11	19	2	7900
11	19	3	7200
11	19	4	13200
11	19	5	1800
11	19	6	2500
11	19	7	2600
11	19	8	14500
11	19	9	1600
11	19	10	2700
11	19	11	2700
11	19	12	10700
11	19	13	13700
11	19	14	4100
11	19	15	4400
11	19	16	6500
11	19	17	3400
11	19	18	2200
11	19	19	2800
11	19	69	452100
11	19	NA	490400
11	20	2	8400
11	20	3	7800
11	20	4	7200
11	20	5	13000
11	20	6	1800
11	20	7	2500
11	20	8	2600
11	20	9	14300
11	20	10	1600
11	20	11	2600
11	20	12	2700
11	20	13	10500
11	20	14	13600
11	20	15	4100
11	20	16	4400
11	20	17	6500
11	20	18	3400
11	20	19	2100
11	20	20	2800
11	20	70	445700
11	20	NA	488200
12	1	51	529000
12	1	NA	513300
12	2	2	13100
12	2	52	523500
12	2	NA	511900
12	3	2	6900
12	3	3	13100
12	3	53	520900
12	3	NA	510900
12	4	2	3600
12	4	3	6800
12	4	4	13100
12	4	54	508300
12	4	NA	506900
12	5	2	16700
12	5	3	3600
12	5	4	6800
12	5	5	13100
12	5	55	507700
12	5	NA	506500
12	6	2	1000
12	6	3	16700
12	6	4	3600
12	6	5	6700
12	6	6	13100
12	6	56	505300
12	6	NA	505300
12	7	2	3700
12	7	3	1000
12	7	4	16600
12	7	5	3600
12	7	6	6700
12	7	7	13100
12	7	57	503200
12	7	NA	504300
12	8	2	3200
12	8	3	3600
12	8	4	1000
12	8	5	16600
12	8	6	3600
12	8	7	6600
12	8	8	13100
12	8	58	494900
12	8	NA	501300
12	9	2	11500
12	9	3	3200
12	9	4	3500
12	9	5	1000
12	9	6	16400
12	9	7	3500
12	9	8	6600
12	9	9	13100
12	9	59	467300
12	9	NA	492100
12	10	2	37000
12	10	3	11500
12	10	4	3200
12	10	5	3500
12	10	6	1000
12	10	7	16400
12	10	8	3500
12	10	9	6600
12	10	10	13100
12	10	60	464000
12	10	NA	489800
12	11	2	5800
12	11	3	37000
12	11	4	11500
12	11	5	3200
12	11	6	3500
12	11	7	1000
12	11	8	16300
12	11	9	3500
12	11	10	6600
12	11	11	13000
12	11	61	461300
12	11	NA	488700
12	12	2	4000
12	12	3	5800
12	12	4	36500
12	12	5	11400
12	12	6	3200
12	12	7	3400
12	12	8	1000
12	12	9	16200
12	12	10	3500
12	12	11	6600
12	12	12	13000
12	12	62	454600
12	12	NA	487000
12	13	2	9200
12	13	3	3900
12	13	4	5800
12	13	5	36400
12	13	6	11400
12	13	7	3200
12	13	8	3400
12	13	9	1000
12	13	10	16200
12	13	11	3500
12	13	12	6600
12	13	13	13000
12	13	63	454300
12	13	NA	486800
12	14	2	700
12	14	3	9200
12	14	4	3800
12	14	5	5800
12	14	6	36300
12	14	7	11300
12	14	8	3200
12	14	9	3300
12	14	10	1000
12	14	11	16100
12	14	12	3500
12	14	13	6600
12	14	14	12900
12	14	64	451600
12	14	NA	486100
12	15	2	4000
12	15	3	700
12	15	4	9100
12	15	5	3700
12	15	6	5800
12	15	7	36300
12	15	8	11300
12	15	9	3200
12	15	10	3300
12	15	11	1000
12	15	12	16100
12	15	13	3500
12	15	14	6500
12	15	15	12300
12	15	65	448900
12	15	NA	485000
12	16	2	4700
12	16	3	3900
12	16	4	700
12	16	5	9100
12	16	6	3700
12	16	7	5800
12	16	8	36300
12	16	9	11300
12	16	10	3200
12	16	11	3200
12	16	12	1000
12	16	13	16100
12	16	14	3500
12	16	15	6300
12	16	16	12300
12	16	66	447000
12	16	NA	484800
12	17	2	2500
12	17	3	4700
12	17	4	3900
12	17	5	700
12	17	6	9100
12	17	7	3700
12	17	8	5800
12	17	9	36300
12	17	10	11300
12	17	11	3200
12	17	12	3200
12	17	13	1000
12	17	14	15800
12	17	15	3500
12	17	16	6200
12	17	17	12300
12	17	67	444900
12	17	NA	483900
12	18	2	3400
12	18	3	2500
12	18	4	4700
12	18	5	3900
12	18	6	700
12	18	7	9100
12	18	8	3700
12	18	9	5800
12	18	10	36200
12	18	11	11300
12	18	12	3200
12	18	13	3200
12	18	14	1000
12	18	15	15800
12	18	16	3500
12	18	17	6200
12	18	18	12200
12	18	68	444500
12	18	NA	483300
12	19	2	1200
12	19	3	3400
12	19	4	2500
12	19	5	4700
12	19	6	3900
12	19	7	700
12	19	8	9100
12	19	9	3700
12	19	10	5800
12	19	11	36200
12	19	12	11300
12	19	13	3200
12	19	14	3200
12	19	15	900
12	19	16	15500
12	19	17	3500
12	19	18	6100
12	19	19	12200
12	19	69	441600
12	19	NA	482200
12	20	2	4500
12	20	3	1200
12	20	4	3400
12	20	5	2500
12	20	6	4700
12	20	7	3900
12	20	8	700
12	20	9	9100
12	20	10	3700
12	20	11	5800
12	20	12	36000
12	20	13	11200
12	20	14	3100
12	20	15	3200
12	20	16	900
12	20	17	15500
12	20	18	3500
12	20	19	6100
12	20	20	12000
12	20	70	438800
12	20	NA	481400
13	1	51	534500
13	1	NA	516100
13	2	2	4800
13	2	52	527200
13	2	NA	513800
13	3	2	9600
13	3	3	4700
13	3	53	524900
13	3	NA	512700
13	4	2	3500
13	4	3	9600
13	4	4	4600
13	4	54	517300
13	4	NA	510300
13	5	2	10100
13	5	3	3400
13	5	4	9600
13	5	5	4600
13	5	55	511800
13	5	NA	508300
13	6	2	7600
13	6	3	10100
13	6	4	3400
13	6	5	9600
13	6	6	4600
13	6	56	510600
13	6	NA	507400
13	7	2	2100
13	7	3	7600
13	7	4	10100
13	7	5	3400
13	7	6	9500
13	7	7	4600
13	7	57	506300
13	7	NA	506200
13	8	2	5500
13	8	3	2100
13	8	4	7600
13	8	5	10100
13	8	6	3400
13	8	7	9500
13	8	8	4600
13	8	58	503800
13	8	NA	504500
13	9	2	4300
13	9	3	5400
13	9	4	2100
13	9	5	7600
13	9	6	10000
13	9	7	3400
13	9	8	9500
13	9	9	4600
13	9	59	497200
13	9	NA	501700
13	10	2	9500
13	10	3	4100
13	10	4	5200
13	10	5	2100
13	10	6	7600
13	10	7	9900
13	10	8	3300
13	10	9	9500
13	10	10	3900
13	10	60	485700
13	10	NA	496400
13	11	2	18200
13	11	3	9500
13	11	4	4100
13	11	5	5200
13	11	6	2100
13	11	7	7600
13	11	8	9900
13	11	9	3300
13	11	10	9500
13	11	11	3600
13	11	61	484800
13	11	NA	496100
13	12	2	1500
13	12	3	18200
13	12	4	9500
13	12	5	4100
13	12	6	5200
13	12	7	2100
13	12	8	7600
13	12	9	9900
13	12	10	3300
13	12	11	9500
13	12	12	3600
13	12	62	481900
13	12	NA	495200
13	13	2	3800
13	13	3	1500
13	13	4	18200
13	13	5	9500
13	13	6	4100
13	13	7	5200
13	13	8	2100
13	13	9	7600
13	13	10	9900
13	13	11	3300
13	13	12	9500
13	13	13	3600
13	13	63	479400
13	13	NA	494700
13	14	2	3000
13	14	3	3800
13	14	4	1500
13	14	5	17900
13	14	6	9500
13	14	7	4100
13	14	8	5200
13	14	9	2000
13	14	10	7500
13	14	11	9900
13	14	12	3200
13	14	13	9200
13	14	14	3600
13	14	64	469000
13	14	NA	491100
13	15	2	14900
13	15	3	3000
13	15	4	3800
13	15	5	1500
13	15	6	17800
13	15	7	9200
13	15	8	4100
13	15	9	5200
13	15	10	2000
13	15	11	7400
13	15	12	9800
13	15	13	3200
13	15	14	9200
13	15	15	3600
13	15	65	466000
13	15	NA	489200
13	16	2	5500
13	16	3	14900
13	16	4	3000
13	16	5	3800
13	16	6	1500
13	16	7	17700
13	16	8	9200
13	16	9	4100
13	16	10	5200
13	16	11	2000
13	16	12	7400
13	16	13	9700
13	16	14	3200
13	16	15	8800
13	16	16	3600
13	16	66	462200
13	16	NA	488400
13	17	2	5200
13	17	3	5500
13	17	4	14900
13	17	5	3000
13	17	6	3800
13	17	7	1500
13	17	8	17600
13	17	9	9200
13	17	10	4100
13	17	11	5200
13	17	12	2000
13	17	13	7400
13	17	14	9500
13	17	15	3200
13	17	16	8800
13	17	17	3600
13	17	67	460900
13	17	NA	488100
13	18	2	1900
13	18	3	5100
13	18	4	5300
13	18	5	14700
13	18	6	2900
13	18	7	3800
13	18	8	1500
13	18	9	17200
13	18	10	9100
13	18	11	4000
13	18	12	5000
13	18	13	2000
13	18	14	7300
13	18	15	9300
13	18	16	2800
13	18	17	7900
13	18	18	3600
13	18	68	437100
13	18	NA	480000
13	19	2	34900
13	19	3	1900
13	19	4	5100
13	19	5	5200
13	19	6	14700
13	19	7	2900
13	19	8	3800
13	19	9	1500
13	19	10	17000
13	19	11	9000
13	19	12	4000
13	19	13	5000
13	19	14	2000
13	19	15	7200
13	19	16	9300
13	19	17	2800
13	19	18	7900
13	19	19	3600
13	19	69	434500
13	19	NA	479500
13	20	2	3600
13	20	3	34700
13	20	4	1900
13	20	5	5100
13	20	6	5200
13	20	7	14600
13	20	8	2900
13	20	9	3800
13	20	10	1500
13	20	11	17000
13	20	12	9000
13	20	13	3800
13	20	14	5000
13	20	15	2000
13	20	16	7200
13	20	17	9300
13	20	18	2800
13	20	19	7900
13	20	20	3600
13	20	70	432500
13	20	NA	478000
14	1	51	535200
14	1	NA	516000
14	2	2	4200
14	2	52	532000
14	2	NA	514800
14	3	2	4400
14	3	3	4200
14	3	53	528400
14	3	NA	512900
14	4	2	5500
14	4	3	4400
14	4	4	4200
14	4	54	517000
14	4	NA	510600
14	5	2	13700
14	5	3	5500
14	5	4	4400
14	5	5	4200
14	5	55	514300
14	5	NA	509500
14	6	2	3800
14	6	3	13600
14	6	4	5400
14	6	5	4300
14	6	6	4200
14	6	56	505700
14	6	NA	505300
14	7	2	13000
14	7	3	3800
14	7	4	13000
14	7	5	5400
14	7	6	4200
14	7	7	4100
14	7	57	473500
14	7	NA	493300
14	8	2	45000
14	8	3	13000
14	8	4	3800
14	8	5	13000
14	8	6	5400
14	8	7	4100
14	8	8	4100
14	8	58	468600
14	8	NA	492100
14	9	2	6300
14	9	3	45000
14	9	4	13000
14	9	5	3800
14	9	6	13000
14	9	7	5400
14	9	8	4100
14	9	9	4100
14	9	59	466700
14	9	NA	491000
14	10	2	3000
14	10	3	6100
14	10	4	44900
14	10	5	12900
14	10	6	3800
14	10	7	12800
14	10	8	5400
14	10	9	4100
14	10	10	4100
14	10	60	464100
14	10	NA	489800
14	11	2	4300
14	11	3	2900
14	11	4	6000
14	11	5	43200
14	11	6	12900
14	11	7	3800
14	11	8	12700
14	11	9	5300
14	11	10	4000
14	11	11	4100
14	11	61	440400
14	11	NA	480800
14	12	2	35000
14	12	3	4300
14	12	4	2900
14	12	5	6000
14	12	6	43200
14	12	7	12900
14	12	8	3700
14	12	9	12700
14	12	10	5300
14	12	11	4000
14	12	12	4100
14	12	62	437800
14	12	NA	479800
14	13	2	3700
14	13	3	35000
14	13	4	4200
14	13	5	2900
14	13	6	5900
14	13	7	43200
14	13	8	12500
14	13	9	3500
14	13	10	12700
14	13	11	5000
14	13	12	3900
14	13	13	4100
14	13	63	429600
14	13	NA	475600
14	14	2	13500
14	14	3	3700
14	14	4	35000
14	14	5	4000
14	14	6	2900
14	14	7	5900
14	14	8	43200
14	14	9	12100
14	14	10	3500
14	14	11	12500
14	14	12	5000
14	14	13	3700
14	14	14	4000
14	14	64	421600
14	14	NA	472200
14	15	2	12400
14	15	3	13500
14	15	4	3700
14	15	5	34900
14	15	6	4000
14	15	7	2900
14	15	8	5900
14	15	9	42900
14	15	10	12100
14	15	11	3500
14	15	12	12500
14	15	13	5000
14	15	14	3500
14	15	15	4000
14	15	65	415900
14	15	NA	470200
14	16	2	8500
14	16	3	12400
14	16	4	13400
14	16	5	3700
14	16	6	34800
14	16	7	4000
14	16	8	2900
14	16	9	5800
14	16	10	42600
14	16	11	12000
14	16	12	3400
14	16	13	12400
14	16	14	5000
14	16	15	3500
14	16	16	3900
14	16	66	411500
14	16	NA	469000
14	17	2	6600
14	17	3	8400
14	17	4	12300
14	17	5	13300
14	17	6	3700
14	17	7	34500
14	17	8	4000
14	17	9	2900
14	17	10	5700
14	17	11	42100
14	17	12	11900
14	17	13	3400
14	17	14	12400
14	17	15	5000
14	17	16	3400
14	17	17	3900
14	17	67	406000
14	17	NA	467500
14	18	2	8400
14	18	3	6600
14	18	4	8400
14	18	5	12300
14	18	6	13300
14	18	7	3700
14	18	8	34100
14	18	9	4000
14	18	10	2900
14	18	11	5600
14	18	12	41200
14	18	13	11800
14	18	14	3400
14	18	15	12300
14	18	16	5000
14	18	17	3400
14	18	18	3900
14	18	68	401100
14	18	NA	465800
14	19	2	8100
14	19	3	8400
14	19	4	6600
14	19	5	8400
14	19	6	12200
14	19	7	13100
14	19	8	3700
14	19	9	34000
14	19	10	3900
14	19	11	2900
14	19	12	5600
14	19	13	41200
14	19	14	11400
14	19	15	3100
14	19	16	12000
14	19	17	5000
14	19	18	3300
14	19	19	3800
14	19	69	398600
14	19	NA	462600
14	20	2	7300
14	20	3	8100
14	20	4	8300
14	20	5	6500
14	20	6	8400
14	20	7	12200
14	20	8	12900
14	20	9	3700
14	20	10	34000
14	20	11	3900
14	20	12	2900
14	20	13	5600
14	20	14	41100
14	20	15	11000
14	20	16	3100
14	20	17	12000
14	20	18	5000
14	20	19	3300
14	20	20	3800
14	20	70	392700
14	20	NA	459300
15	1	51	527600
15	1	NA	513700
15	2	2	14100
15	2	52	520800
15	2	NA	510300
15	3	2	10200
15	3	3	14000
15	3	53	518800
15	3	NA	509900
15	4	2	2500
15	4	3	10100
15	4	4	14000
15	4	54	516800
15	4	NA	508600
15	5	2	3400
15	5	3	2400
15	5	4	10100
15	5	5	14000
15	5	55	513800
15	5	NA	507700
15	6	2	4000
15	6	3	3400
15	6	4	2400
15	6	5	10100
15	6	6	13800
15	6	56	511900
15	6	NA	506500
15	7	2	3300
15	7	3	4000
15	7	4	3400
15	7	5	2400
15	7	6	10100
15	7	7	13700
15	7	57	507500
15	7	NA	505600
15	8	2	5400
15	8	3	3300
15	8	4	4000
15	8	5	3400
15	8	6	2400
15	8	7	10100
15	8	8	13700
15	8	58	505200
15	8	NA	504500
15	9	2	3400
15	9	3	5300
15	9	4	3300
15	9	5	4000
15	9	6	3400
15	9	7	2400
15	9	8	10100
15	9	9	13700
15	9	59	498400
15	9	NA	502800
15	10	2	8600
15	10	3	3400
15	10	4	5300
15	10	5	3300
15	10	6	4000
15	10	7	3400
15	10	8	2400
15	10	9	10100
15	10	10	13400
15	10	60	496300
15	10	NA	501700
15	11	2	3500
15	11	3	8600
15	11	4	3400
15	11	5	5300
15	11	6	3300
15	11	7	4000
15	11	8	3400
15	11	9	2400
15	11	10	10100
15	11	11	13400
15	11	61	493400
15	11	NA	501200
15	12	2	3400
15	12	3	3500
15	12	4	8600
15	12	5	3400
15	12	6	5100
15	12	7	3300
15	12	8	4000
15	12	9	3400
15	12	10	2400
15	12	11	10100
15	12	12	13300
15	12	62	492200
15	12	NA	500400
15	13	2	2300
15	13	3	3400
15	13	4	3500
15	13	5	8300
15	13	6	3300
15	13	7	5100
15	13	8	3300
15	13	9	3900
15	13	10	3200
15	13	11	2300
15	13	12	9700
15	13	13	12700
15	13	63	463800
15	13	NA	488200
15	14	2	42400
15	14	3	2300
15	14	4	3400
15	14	5	3500
15	14	6	8200
15	14	7	3300
15	14	8	5100
15	14	9	3300
15	14	10	3900
15	14	11	3200
15	14	12	2300
15	14	13	9700
15	14	14	12400
15	14	64	460600
15	14	NA	487100
15	15	2	4700
15	15	3	42100
15	15	4	2300
15	15	5	3400
15	15	6	3500
15	15	7	8200
15	15	8	3300
15	15	9	5000
15	15	10	3200
15	15	11	3900
15	15	12	3100
15	15	13	2300
15	15	14	9700
15	15	15	12300
15	15	65	453700
15	15	NA	484400
15	16	2	10300
15	16	3	4600
15	16	4	42100
15	16	5	2300
15	16	6	3300
15	16	7	3500
15	16	8	8200
15	16	9	3300
15	16	10	5000
15	16	11	3200
15	16	12	3900
15	16	13	3100
15	16	14	2100
15	16	15	9700
15	16	16	11900
15	16	66	448500
15	16	NA	483500
15	17	2	6900
15	17	3	10300
15	17	4	4600
15	17	5	42100
15	17	6	2300
15	17	7	3300
15	17	8	3500
15	17	9	8200
15	17	10	3300
15	17	11	5000
15	17	12	3100
15	17	13	3900
15	17	14	3100
15	17	15	2100
15	17	16	9700
15	17	17	11800
15	17	67	446000
15	17	NA	483000
15	18	2	3200
15	18	3	6800
15	18	4	10200
15	18	5	4600
15	18	6	41700
15	18	7	2300
15	18	8	3300
15	18	9	3500
15	18	10	7600
15	18	11	3300
15	18	12	5000
15	18	13	3100
15	18	14	3900
15	18	15	2900
15	18	16	2100
15	18	17	9600
15	18	18	11600
15	18	68	437000
15	18	NA	480400
15	19	2	13300
15	19	3	3200
15	19	4	6800
15	19	5	10100
15	19	6	4600
15	19	7	41200
15	19	8	2300
15	19	9	3300
15	19	10	3400
15	19	11	7500
15	19	12	3300
15	19	13	5000
15	19	14	3100
15	19	15	3800
15	19	16	2800
15	19	17	2000
15	19	18	9500
15	19	19	11000
15	19	69	427600
15	19	NA	476600
15	20	2	15000
15	20	3	13300
15	20	4	3200
15	20	5	6800
15	20	6	10100
15	20	7	4600
15	20	8	41200
15	20	9	2300
15	20	10	3300
15	20	11	3400
15	20	12	7500
15	20	13	3200
15	20	14	5000
15	20	15	3100
15	20	16	3800
15	20	17	2800
15	20	18	1900
15	20	19	9300
15	20	20	10800
15	20	70	424200
15	20	NA	475400
16	1	51	532900
16	1	NA	515900
16	2	2	6500
16	2	52	505100
16	2	NA	507600
16	3	2	36000
16	3	3	6500
16	3	53	501300
16	3	NA	506400
16	4	2	5200
16	4	3	35600
16	4	4	6500
16	4	54	496000
16	4	NA	503800
16	5	2	8100
16	5	3	5000
16	5	4	35100
16	5	5	6500
16	5	55	486300
16	5	NA	499900
16	6	2	14500
16	6	3	8100
16	6	4	4800
16	6	5	34800
16	6	6	6500
16	6	56	479500
16	6	NA	498100
16	7	2	9100
16	7	3	14400
16	7	4	8100
16	7	5	4800
16	7	6	34700
16	7	7	6500
16	7	57	467200
16	7	NA	494700
16	8	2	15900
16	8	3	9100
16	8	4	14400
16	8	5	8100
16	8	6	4800
16	8	7	34700
16	8	8	6500
16	8	58	462200
16	8	NA	492300
16	9	2	7400
16	9	3	15600
16	9	4	8900
16	9	5	14300
16	9	6	8100
16	9	7	4700
16	9	8	34400
16	9	9	6500
16	9	59	455400
16	9	NA	489200
16	10	2	10900
16	10	3	7300
16	10	4	15400
16	10	5	8800
16	10	6	14200
16	10	7	7900
16	10	8	4700
16	10	9	34100
16	10	10	6500
16	10	60	447300
16	10	NA	487400
16	11	2	10900
16	11	3	10900
16	11	4	7200
16	11	5	15400
16	11	6	8600
16	11	7	14200
16	11	8	7900
16	11	9	4600
16	11	10	34100
16	11	11	6400
16	11	61	439400
16	11	NA	483700
16	12	2	12100
16	12	3	10900
16	12	4	10900
16	12	5	7100
16	12	6	15200
16	12	7	8600
16	12	8	14000
16	12	9	7900
16	12	10	4300
16	12	11	31900
16	12	12	6400
16	12	62	431600
16	12	NA	480500
16	13	2	14000
16	13	3	12000
16	13	4	10800
16	13	5	10800
16	13	6	7100
16	13	7	15200
16	13	8	8600
16	13	9	13900
16	13	10	7900
16	13	11	4300
16	13	12	31700
16	13	13	6300
16	13	63	428800
16	13	NA	479500
16	14	2	4400
16	14	3	13900
16	14	4	11900
16	14	5	10600
16	14	6	10700
16	14	7	7100
16	14	8	15200
16	14	9	8600
16	14	10	13900
16	14	11	7700
16	14	12	4300
16	14	13	30500
16	14	14	6200
16	14	64	423100
16	14	NA	477400
16	15	2	9900
16	15	3	4400
16	15	4	13900
16	15	5	11900
16	15	6	10600
16	15	7	10700
16	15	8	7100
16	15	9	15000
16	15	10	8500
16	15	11	13800
16	15	12	7700
16	15	13	4300
16	15	14	30500
16	15	15	6200
16	15	65	421600
16	15	NA	476600
16	16	2	2700
16	16	3	9900
16	16	4	4400
16	16	5	13800
16	16	6	11900
16	16	7	10600
16	16	8	10600
16	16	9	7000
16	16	10	14800
16	16	11	8400
16	16	12	13600
16	16	13	7600
16	16	14	4300
16	16	15	30100
16	16	16	6200
16	16	66	414300
16	16	NA	473900
16	17	2	11300
16	17	3	2700
16	17	4	9800
16	17	5	4400
16	17	6	13700
16	17	7	11900
16	17	8	10600
16	17	9	10600
16	17	10	6600
16	17	11	14400
16	17	12	8400
16	17	13	13100
16	17	14	7300
16	17	15	4200
16	17	16	30100
16	17	17	6000
16	17	67	406700
16	17	NA	471300
16	18	2	12200
16	18	3	11300
16	18	4	2600
16	18	5	9800
16	18	6	4400
16	18	7	13700
16	18	8	11700
16	18	9	10600
16	18	10	10500
16	18	11	6600
16	18	12	14400
16	18	13	8400
16	18	14	13100
16	18	15	7200
16	18	16	4200
16	18	17	30100
16	18	18	6000
16	18	68	404800
16	18	NA	470200
16	19	2	3500
16	19	3	12200
16	19	4	11100
16	19	5	2600
16	19	6	9400
16	19	7	4100
16	19	8	13700
16	19	9	11500
16	19	10	10400
16	19	11	10200
16	19	12	6300
16	19	13	13500
16	19	14	8200
16	19	15	12600
16	19	16	7000
16	19	17	4100
16	19	18	28300
16	19	19	6000
16	19	69	390600
16	19	NA	465700
16	20	2	24300
16	20	3	3500
16	20	4	11800
16	20	5	11100
16	20	6	2600
16	20	7	9300
16	20	8	4100
16	20	9	13700
16	20	10	11500
16	20	11	10400
16	20	12	10100
16	20	13	6300
16	20	14	13300
16	20	15	8200
16	20	16	12600
16	20	17	6900
16	20	18	4100
16	20	19	28100
16	20	20	6000
16	20	70	387800
16	20	NA	464900
17	1	51	537000
17	1	NA	516700
17	2	2	1700
17	2	52	528100
17	2	NA	514200
17	3	2	11200
17	3	3	1700
17	3	53	496700
17	3	NA	505800
17	4	2	39900
17	4	3	11100
17	4	4	1700
17	4	54	494400
17	4	NA	504600
17	5	2	3700
17	5	3	39900
17	5	4	11100
17	5	5	1700
17	5	55	493300
17	5	NA	504400
17	6	2	1300
17	6	3	3600
17	6	4	39800
17	6	5	11100
17	6	6	1700
17	6	56	489700
17	6	NA	503800
17	7	2	4400
17	7	3	1300
17	7	4	3600
17	7	5	39700
17	7	6	11100
17	7	7	1700
17	7	57	488300
17	7	NA	503000
17	8	2	2300
17	8	3	4300
17	8	4	1300
17	8	5	3600
17	8	6	39700
17	8	7	11100
17	8	8	1700
17	8	58	486800
17	8	NA	502800
17	9	2	1800
17	9	3	2200
17	9	4	4300
17	9	5	1300
17	9	6	3600
17	9	7	39600
17	9	8	10900
17	9	9	1700
17	9	59	477800
17	9	NA	498200
17	10	2	13800
17	10	3	1800
17	10	4	2200
17	10	5	4300
17	10	6	1300
17	10	7	3600
17	10	8	39000
17	10	9	10800
17	10	10	1700
17	10	60	462100
17	10	NA	494100
17	11	2	20700
17	11	3	13800
17	11	4	1800
17	11	5	2200
17	11	6	4300
17	11	7	1300
17	11	8	3600
17	11	9	38900
17	11	10	10800
17	11	11	1700
17	11	61	459900
17	11	NA	492900
17	12	2	3500
17	12	3	20700
17	12	4	13800
17	12	5	1800
17	12	6	2200
17	12	7	4300
17	12	8	1300
17	12	9	3600
17	12	10	38900
17	12	11	10800
17	12	12	1700
17	12	62	458400
17	12	NA	492500
17	13	2	1900
17	13	3	3500
17	13	4	20500
17	13	5	13800
17	13	6	1800
17	13	7	2200
17	13	8	4300
17	13	9	1300
17	13	10	3600
17	13	11	36900
17	13	12	10800
17	13	13	1700
17	13	63	453000
17	13	NA	490800
17	14	2	9200
17	14	3	1900
17	14	4	3400
17	14	5	20500
17	14	6	13800
17	14	7	1800
17	14	8	2100
17	14	9	4300
17	14	10	1300
17	14	11	3500
17	14	12	36800
17	14	13	10800
17	14	14	1700
17	14	64	448600
17	14	NA	489200
17	15	2	6500
17	15	3	9100
17	15	4	1900
17	15	5	3400
17	15	6	20500
17	15	7	13800
17	15	8	1800
17	15	9	2100
17	15	10	4300
17	15	11	1300
17	15	12	3500
17	15	13	36700
17	15	14	10800
17	15	15	1700
17	15	65	445200
17	15	NA	487800
17	16	2	5000
17	16	3	6500
17	16	4	8600
17	16	5	1900
17	16	6	3400
17	16	7	19900
17	16	8	13800
17	16	9	1800
17	16	10	2100
17	16	11	4100
17	16	12	1200
17	16	13	3300
17	16	14	33900
17	16	15	10300
17	16	16	1700
17	16	66	433300
17	16	NA	482000
17	17	2	22600
17	17	3	5000
17	17	4	6500
17	17	5	8600
17	17	6	1900
17	17	7	3400
17	17	8	19800
17	17	9	13800
17	17	10	1700
17	17	11	2000
17	17	12	4100
17	17	13	1200
17	17	14	3200
17	17	15	33400
17	17	16	10300
17	17	17	1700
17	17	67	430700
17	17	NA	480800
17	18	2	4600
17	18	3	22400
17	18	4	5000
17	18	5	6300
17	18	6	8600
17	18	7	1900
17	18	8	3400
17	18	9	19000
17	18	10	13700
17	18	11	1700
17	18	12	1900
17	18	13	4100
17	18	14	1100
17	18	15	3100
17	18	16	32900
17	18	17	10200
17	18	18	1700
17	18	68	420200
17	18	NA	474900
17	19	2	18600
17	19	3	4400
17	19	4	21400
17	19	5	4800
17	19	6	6300
17	19	7	8400
17	19	8	1900
17	19	9	3300
17	19	10	16800
17	19	11	13000
17	19	12	1700
17	19	13	1900
17	19	14	4000
17	19	15	1100
17	19	16	3000
17	19	17	30300
17	19	18	9300
17	19	19	1700
17	19	69	402400
17	19	NA	467300
17	20	2	33600
17	20	3	18400
17	20	4	4400
17	20	5	21400
17	20	6	4800
17	20	7	6300
17	20	8	8400
17	20	9	1900
17	20	10	3100
17	20	11	16600
17	20	12	13000
17	20	13	1700
17	20	14	1900
17	20	15	3900
17	20	16	1100
17	20	17	2900
17	20	18	30200
17	20	19	9300
17	20	20	1700
17	20	70	394500
17	20	NA	463900
18	1	51	523600
18	1	NA	514300
18	2	2	17500
18	2	52	514500
18	2	NA	510400
18	3	2	13000
18	3	3	17500
18	3	53	512300
18	3	NA	510300
18	4	2	2300
18	4	3	13000
18	4	4	17500
18	4	54	507500
18	4	NA	509300
18	5	2	5800
18	5	3	2300
18	5	4	13000
18	5	5	17500
18	5	55	504500
18	5	NA	507700
18	6	2	4600
18	6	3	5800
18	6	4	2300
18	6	5	13000
18	6	6	17500
18	6	56	502200
18	6	NA	507000
18	7	2	3000
18	7	3	4600
18	7	4	5800
18	7	5	2300
18	7	6	13000
18	7	7	17300
18	7	57	498000
18	7	NA	506300
18	8	2	5000
18	8	3	3000
18	8	4	4600
18	8	5	5700
18	8	6	2300
18	8	7	12900
18	8	8	17200
18	8	58	483800
18	8	NA	501300
18	9	2	19600
18	9	3	5000
18	9	4	3000
18	9	5	4600
18	9	6	5700
18	9	7	2300
18	9	8	12900
18	9	9	17200
18	9	59	481600
18	9	NA	500400
18	10	2	3000
18	10	3	19500
18	10	4	5000
18	10	5	3000
18	10	6	4500
18	10	7	5700
18	10	8	2300
18	10	9	12900
18	10	10	17100
18	10	60	480000
18	10	NA	499700
18	11	2	2700
18	11	3	3000
18	11	4	19400
18	11	5	5000
18	11	6	3000
18	11	7	4500
18	11	8	5700
18	11	9	2300
18	11	10	12900
18	11	11	17100
18	11	61	478200
18	11	NA	499600
18	12	2	2000
18	12	3	2700
18	12	4	3000
18	12	5	19200
18	12	6	5000
18	12	7	2900
18	12	8	4400
18	12	9	5600
18	12	10	2200
18	12	11	11400
18	12	12	16500
18	12	62	467800
18	12	NA	495900
18	13	2	16600
18	13	3	2000
18	13	4	2700
18	13	5	3000
18	13	6	19000
18	13	7	5000
18	13	8	2900
18	13	9	4400
18	13	10	5500
18	13	11	2100
18	13	12	11100
18	13	13	15300
18	13	63	457300
18	13	NA	493100
18	14	2	15400
18	14	3	16400
18	14	4	2000
18	14	5	2700
18	14	6	3000
18	14	7	18800
18	14	8	5000
18	14	9	2900
18	14	10	4200
18	14	11	5400
18	14	12	2100
18	14	13	10700
18	14	14	15300
18	14	64	452300
18	14	NA	490700
18	15	2	8300
18	15	3	15300
18	15	4	16300
18	15	5	1900
18	15	6	2700
18	15	7	3000
18	15	8	18800
18	15	9	5000
18	15	10	2800
18	15	11	4200
18	15	12	5300
18	15	13	2000
18	15	14	10600
18	15	15	15300
18	15	65	443700
18	15	NA	487600
18	16	2	12500
18	16	3	8300
18	16	4	15200
18	16	5	16300
18	16	6	1800
18	16	7	2700
18	16	8	3000
18	16	9	18700
18	16	10	5000
18	16	11	2800
18	16	12	4000
18	16	13	5000
18	16	14	2000
18	16	15	10600
18	16	16	14700
18	16	66	431300
18	16	NA	483300
18	17	2	18200
18	17	3	12500
18	17	4	8300
18	17	5	15200
18	17	6	16200
18	17	7	1800
18	17	8	2700
18	17	9	3000
18	17	10	18700
18	17	11	5000
18	17	12	2800
18	17	13	4000
18	17	14	5000
18	17	15	2000
18	17	16	10500
18	17	17	14500
18	17	67	425400
18	17	NA	481100
18	18	2	8400
18	18	3	18200
18	18	4	12500
18	18	5	8300
18	18	6	15000
18	18	7	16100
18	18	8	1800
18	18	9	2700
18	18	10	3000
18	18	11	18200
18	18	12	5000
18	18	13	2700
18	18	14	3900
18	18	15	5000
18	18	16	2000
18	18	17	10300
18	18	18	14400
18	18	68	418700
18	18	NA	477400
18	19	2	11800
18	19	3	8300
18	19	4	18100
18	19	5	12500
18	19	6	8200
18	19	7	14900
18	19	8	15900
18	19	9	1800
18	19	10	2700
18	19	11	3000
18	19	12	17900
18	19	13	5000
18	19	14	2600
18	19	15	3800
18	19	16	5000
18	19	17	2000
18	19	18	10100
18	19	19	14000
18	19	69	414600
18	19	NA	474200
18	20	2	9000
18	20	3	11800
18	20	4	8300
18	20	5	18000
18	20	6	12300
18	20	7	8200
18	20	8	14900
18	20	9	15900
18	20	10	1800
18	20	11	2500
18	20	12	3000
18	20	13	17900
18	20	14	4900
18	20	15	2600
18	20	16	3700
18	20	17	5000
18	20	18	2000
18	20	19	10100
18	20	20	14000
18	20	70	413400
18	20	NA	473900
19	1	51	526600
19	1	NA	515200
19	2	2	13600
19	2	52	521100
19	2	NA	512600
19	3	2	8100
19	3	3	13500
19	3	53	512100
19	3	NA	508100
19	4	2	13600
19	4	3	8100
19	4	4	13500
19	4	54	509600
19	4	NA	507400
19	5	2	3200
19	5	3	13600
19	5	4	8100
19	5	5	13100
19	5	55	479500
19	5	NA	497800
19	6	2	40100
19	6	3	3200
19	6	4	13500
19	6	5	8100
19	6	6	13100
19	6	56	477600
19	6	NA	497000
19	7	2	2800
19	7	3	40000
19	7	4	3200
19	7	5	13400
19	7	6	8100
19	7	7	13100
19	7	57	474100
19	7	NA	494500
19	8	2	6200
19	8	3	2800
19	8	4	39600
19	8	5	3200
19	8	6	13200
19	8	7	8100
19	8	8	13100
19	8	58	465200
19	8	NA	489700
19	9	2	14300
19	9	3	6200
19	9	4	2800
19	9	5	39600
19	9	6	3200
19	9	7	13200
19	9	8	8100
19	9	9	13000
19	9	59	460600
19	9	NA	487900
19	10	2	6400
19	10	3	14100
19	10	4	6200
19	10	5	2800
19	10	6	39000
19	10	7	3100
19	10	8	13000
19	10	9	8100
19	10	10	12500
19	10	60	453100
19	10	NA	484900
19	11	2	12100
19	11	3	6400
19	11	4	14100
19	11	5	6200
19	11	6	2800
19	11	7	39000
19	11	8	3100
19	11	9	13000
19	11	10	8100
19	11	11	12500
19	11	61	452400
19	11	NA	484500
19	12	2	1200
19	12	3	12100
19	12	4	6300
19	12	5	14000
19	12	6	6200
19	12	7	2800
19	12	8	39000
19	12	9	3100
19	12	10	12800
19	12	11	8100
19	12	12	12400
19	12	62	450600
19	12	NA	483200
19	13	2	3500
19	13	3	1200
19	13	4	11600
19	13	5	6300
19	13	6	13400
19	13	7	6000
19	13	8	2800
19	13	9	37500
19	13	10	2900
19	13	11	12200
19	13	12	7600
19	13	13	10200
19	13	63	425200
19	13	NA	473600
19	14	2	40900
19	14	3	3500
19	14	4	1200
19	14	5	11500
19	14	6	6200
19	14	7	13300
19	14	8	6000
19	14	9	2800
19	14	10	36600
19	14	11	2900
19	14	12	12200
19	14	13	7600
19	14	14	10000
19	14	64	418900
19	14	NA	470900
19	15	2	10900
19	15	3	40900
19	15	4	3500
19	15	5	1200
19	15	6	11500
19	15	7	6200
19	15	8	13300
19	15	9	6000
19	15	10	2800
19	15	11	35900
19	15	12	2800
19	15	13	11900
19	15	14	7600
19	15	15	9700
19	15	65	415100
19	15	NA	469900
19	16	2	6200
19	16	3	10900
19	16	4	40900
19	16	5	3500
19	16	6	1200
19	16	7	11500
19	16	8	6200
19	16	9	13300
19	16	10	6000
19	16	11	2800
19	16	12	35700
19	16	13	2800
19	16	14	11900
19	16	15	7600
19	16	16	9700
19	16	66	412500
19	16	NA	468900
19	17	2	3700
19	17	3	5900
19	17	4	10200
19	17	5	39300
19	17	6	3400
19	17	7	1200
19	17	8	11300
19	17	9	6100
19	17	10	12400
19	17	11	5700
19	17	12	2700
19	17	13	31900
19	17	14	2500
19	17	15	11600
19	17	16	7600
19	17	17	8900
19	17	67	392700
19	17	NA	460500
19	18	2	37700
19	18	3	3700
19	18	4	5900
19	18	5	10200
19	18	6	39200
19	18	7	3400
19	18	8	1200
19	18	9	11300
19	18	10	6100
19	18	11	12400
19	18	12	5700
19	18	13	2600
19	18	14	31800
19	18	15	2500
19	18	16	11600
19	18	17	7600
19	18	18	8900
19	18	68	389900
19	18	NA	459600
19	19	2	4000
19	19	3	37700
19	19	4	3700
19	19	5	5900
19	19	6	10200
19	19	7	38900
19	19	8	3400
19	19	9	1200
19	19	10	11200
19	19	11	6100
19	19	12	12300
19	19	13	5700
19	19	14	2600
19	19	15	31600
19	19	16	2500
19	19	17	11600
19	19	18	7500
19	19	19	8700
19	19	69	386800
19	19	NA	458100
19	20	2	5700
19	20	3	4000
19	20	4	37700
19	20	5	3700
19	20	6	5900
19	20	7	10200
19	20	8	38800
19	20	9	3400
19	20	10	1200
19	20	11	11100
19	20	12	6100
19	20	13	12300
19	20	14	5600
19	20	15	2600
19	20	16	31400
19	20	17	2500
19	20	18	11500
19	20	19	7500
19	20	20	8700
19	20	70	385400
19	20	NA	457000
20	1	51	536100
20	1	NA	515500
20	2	2	3800
20	2	52	532700
20	2	NA	514400
20	3	2	4500
20	3	3	3800
20	3	53	528800
20	3	NA	513100
20	4	2	5200
20	4	3	4500
20	4	4	3700
20	4	54	525300
20	4	NA	511700
20	5	2	5000
20	5	3	5200
20	5	4	4500
20	5	5	3700
20	5	55	523300
20	5	NA	511000
20	6	2	2700
20	6	3	5000
20	6	4	5200
20	6	5	4500
20	6	6	3700
20	6	56	522400
20	6	NA	509700
20	7	2	2200
20	7	3	2700
20	7	4	5000
20	7	5	5100
20	7	6	4500
20	7	7	3700
20	7	57	519100
20	7	NA	508900
20	8	2	4200
20	8	3	2100
20	8	4	2700
20	8	5	5000
20	8	6	5000
20	8	7	4500
20	8	8	3700
20	8	58	512500
20	8	NA	507400
20	9	2	8300
20	9	3	4100
20	9	4	2100
20	9	5	2700
20	9	6	5000
20	9	7	5000
20	9	8	4400
20	9	9	3700
20	9	59	505800
20	9	NA	505200
20	10	2	9100
20	10	3	8300
20	10	4	4100
20	10	5	2100
20	10	6	2700
20	10	7	5000
20	10	8	5000
20	10	9	4400
20	10	10	3700
20	10	60	504600
20	10	NA	504600
20	11	2	1800
20	11	3	9100
20	11	4	8300
20	11	5	4100
20	11	6	2100
20	11	7	2700
20	11	8	5000
20	11	9	5000
20	11	10	4400
20	11	11	3700
20	11	61	500700
20	11	NA	503000
20	12	2	5500
20	12	3	1800
20	12	4	9100
20	12	5	8300
20	12	6	4100
20	12	7	2100
20	12	8	2700
20	12	9	4900
20	12	10	4700
20	12	11	4400
20	12	12	3700
20	12	62	495800
20	12	NA	501400
20	13	2	6900
20	13	3	5500
20	13	4	1800
20	13	5	9100
20	13	6	8300
20	13	7	4100
20	13	8	2100
20	13	9	2700
20	13	10	4900
20	13	11	4700
20	13	12	4400
20	13	13	3600
20	13	63	489800
20	13	NA	499700
20	14	2	7800
20	14	3	6900
20	14	4	5500
20	14	5	1800
20	14	6	9100
20	14	7	8300
20	14	8	4100
20	14	9	2100
20	14	10	2700
20	14	11	4900
20	14	12	4700
20	14	13	4400
20	14	14	3600
20	14	64	486300
20	14	NA	498300
20	15	2	4900
20	15	3	7700
20	15	4	6900
20	15	5	5500
20	15	6	1800
20	15	7	9100
20	15	8	8300
20	15	9	4100
20	15	10	2100
20	15	11	2600
20	15	12	4900
20	15	13	4700
20	15	14	4400
20	15	15	3600
20	15	65	482800
20	15	NA	496900
20	16	2	5100
20	16	3	4900
20	16	4	7700
20	16	5	6900
20	16	6	5500
20	16	7	1800
20	16	8	9100
20	16	9	8300
20	16	10	4100
20	16	11	2100
20	16	12	2600
20	16	13	4900
20	16	14	4700
20	16	15	4400
20	16	16	3600
20	16	66	481700
20	16	NA	496500
20	17	2	1500
20	17	3	5100
20	17	4	4900
20	17	5	7700
20	17	6	6900
20	17	7	5500
20	17	8	1800
20	17	9	9100
20	17	10	8200
20	17	11	4100
20	17	12	2100
20	17	13	2600
20	17	14	4900
20	17	15	4700
20	17	16	4400
20	17	17	3400
20	17	67	481000
20	17	NA	495500
20	18	2	2000
20	18	3	1500
20	18	4	5100
20	18	5	4900
20	18	6	7700
20	18	7	6900
20	18	8	5300
20	18	9	1800
20	18	10	8900
20	18	11	8200
20	18	12	4000
20	18	13	2000
20	18	14	2600
20	18	15	4800
20	18	16	4600
20	18	17	4400
20	18	18	3400
20	18	68	468600
20	18	NA	491000
20	19	2	17700
20	19	3	2000
20	19	4	1400
20	19	5	5000
20	19	6	4900
20	19	7	7700
20	19	8	6800
20	19	9	5300
20	19	10	1800
20	19	11	8700
20	19	12	7900
20	19	13	3800
20	19	14	1900
20	19	15	2600
20	19	16	4700
20	19	17	4500
20	19	18	4400
20	19	19	3400
20	19	69	458500
20	19	NA	487200
20	20	2	15100
20	20	3	17200
20	20	4	2000
20	20	5	1400
20	20	6	5000
20	20	7	4900
20	20	8	7700
20	20	9	6700
20	20	10	5000
20	20	11	1800
20	20	12	8600
20	20	13	7800
20	20	14	2700
20	20	15	1800
20	20	16	2600
20	20	17	4700
20	20	18	4000
20	20	19	4400
20	20	20	3400
20	20	70	454100
20	20	NA	483700
21	1	51	531100
21	1	NA	512300
21	2	2	12000
21	2	52	527500
21	2	NA	510500
21	3	2	5400
21	3	3	11900
21	3	53	520600
21	3	NA	506600
21	4	2	10800
21	4	3	5300
21	4	4	11900
21	4	54	510600
21	4	NA	502500
21	5	2	14300
21	5	3	10800
21	5	4	5300
21	5	5	11800
21	5	55	506300
21	5	NA	500700
21	6	2	6200
21	6	3	14300
21	6	4	10800
21	6	5	5300
21	6	6	11700
21	6	56	503600
21	6	NA	499900
21	7	2	3600
21	7	3	6200
21	7	4	14300
21	7	5	10800
21	7	6	5300
21	7	7	11700
21	7	57	503200
21	7	NA	499600
21	8	2	700
21	8	3	3600
21	8	4	6200
21	8	5	14200
21	8	6	10800
21	8	7	5300
21	8	8	11700
21	8	58	501000
21	8	NA	498800
21	9	2	3100
21	9	3	700
21	9	4	3600
21	9	5	6200
21	9	6	14100
21	9	7	10800
21	9	8	5300
21	9	9	11700
21	9	59	499100
21	9	NA	498000
21	10	2	2800
21	10	3	3100
21	10	4	700
21	10	5	3600
21	10	6	6200
21	10	7	14000
21	10	8	10800
21	10	9	5300
21	10	10	11600
21	10	60	495800
21	10	NA	496400
21	11	2	5000
21	11	3	2800
21	11	4	3100
21	11	5	700
21	11	6	3600
21	11	7	5900
21	11	8	13900
21	11	9	10800
21	11	10	5300
21	11	11	11100
21	11	61	484800
21	11	NA	490600
21	12	2	17700
21	12	3	5000
21	12	4	2800
21	12	5	2900
21	12	6	700
21	12	7	3600
21	12	8	5900
21	12	9	13700
21	12	10	10800
21	12	11	5300
21	12	12	10900
21	12	62	476100
21	12	NA	488000
21	13	2	12000
21	13	3	17600
21	13	4	5000
21	13	5	2800
21	13	6	2900
21	13	7	700
21	13	8	3600
21	13	9	5900
21	13	10	13700
21	13	11	10800
21	13	12	5300
21	13	13	10900
21	13	63	475400
21	13	NA	488000
21	14	2	800
21	14	3	11900
21	14	4	17100
21	14	5	4900
21	14	6	2800
21	14	7	2900
21	14	8	700
21	14	9	3600
21	14	10	5900
21	14	11	13300
21	14	12	10800
21	14	13	5200
21	14	14	10800
21	14	64	471800
21	14	NA	486400
21	15	2	6500
21	15	3	800
21	15	4	11800
21	15	5	17100
21	15	6	4800
21	15	7	2800
21	15	8	2900
21	15	9	700
21	15	10	3600
21	15	11	5800
21	15	12	13300
21	15	13	10800
21	15	14	5200
21	15	15	10600
21	15	65	465600
21	15	NA	484200
21	16	2	8900
21	16	3	6500
21	16	4	800
21	16	5	11800
21	16	6	17100
21	16	7	4800
21	16	8	2800
21	16	9	2900
21	16	10	700
21	16	11	3600
21	16	12	5800
21	16	13	13100
21	16	14	10700
21	16	15	5200
21	16	16	10600
21	16	66	464400
21	16	NA	484000
21	17	2	1700
21	17	3	8900
21	17	4	6400
21	17	5	800
21	17	6	11700
21	17	7	16700
21	17	8	4800
21	17	9	2800
21	17	10	2800
21	17	11	700
21	17	12	3600
21	17	13	5700
21	17	14	13100
21	17	15	10700
21	17	16	5200
21	17	17	10300
21	17	67	459800
21	17	NA	481400
21	18	2	8200
21	18	3	1700
21	18	4	8900
21	18	5	6400
21	18	6	800
21	18	7	11600
21	18	8	16700
21	18	9	4800
21	18	10	2800
21	18	11	2800
21	18	12	700
21	18	13	3600
21	18	14	5500
21	18	15	13000
21	18	16	10600
21	18	17	5200
21	18	18	10100
21	18	68	456300
21	18	NA	480200
21	19	2	5500
21	19	3	8200
21	19	4	1700
21	19	5	8900
21	19	6	6400
21	19	7	800
21	19	8	11500
21	19	9	16700
21	19	10	4800
21	19	11	2800
21	19	12	2700
21	19	13	600
21	19	14	3600
21	19	15	5500
21	19	16	12900
21	19	17	10600
21	19	18	5200
21	19	19	10000
21	19	69	454800
21	19	NA	479400
21	20	2	2800
21	20	3	5500
21	20	4	8200
21	20	5	1700
21	20	6	8900
21	20	7	6400
21	20	8	800
21	20	9	11500
21	20	10	16700
21	20	11	4700
21	20	12	2800
21	20	13	2700
21	20	14	600
21	20	15	3500
21	20	16	5500
21	20	17	12500
21	20	18	10600
21	20	19	5200
21	20	20	10000
21	20	70	452000
21	20	NA	477600
22	1	51	532400
22	1	NA	513300
22	2	2	9700
22	2	52	531100
22	2	NA	512500
22	3	2	2100
22	3	3	9700
22	3	53	523500
22	3	NA	510600
22	4	2	9400
22	4	3	2100
22	4	4	9700
22	4	54	513100
22	4	NA	508000
22	5	2	13100
22	5	3	9300
22	5	4	2100
22	5	5	9700
22	5	55	510000
22	5	NA	506600
22	6	2	4600
22	6	3	13000
22	6	4	9300
22	6	5	2100
22	6	6	9700
22	6	56	508400
22	6	NA	505800
22	7	2	2500
22	7	3	4500
22	7	4	12900
22	7	5	9300
22	7	6	2100
22	7	7	9600
22	7	57	505200
22	7	NA	505200
22	8	2	4100
22	8	3	2500
22	8	4	4500
22	8	5	12900
22	8	6	9200
22	8	7	2000
22	8	8	9500
22	8	58	495600
22	8	NA	501400
22	9	2	13600
22	9	3	4000
22	9	4	2500
22	9	5	4500
22	9	6	12800
22	9	7	9100
22	9	8	2000
22	9	9	9400
22	9	59	487600
22	9	NA	497200
22	10	2	12700
22	10	3	13600
22	10	4	4000
22	10	5	2500
22	10	6	4500
22	10	7	12700
22	10	8	9000
22	10	9	2000
22	10	10	9300
22	10	60	478200
22	10	NA	495200
22	11	2	11700
22	11	3	12700
22	11	4	13500
22	11	5	4000
22	11	6	2500
22	11	7	4500
22	11	8	12600
22	11	9	9000
22	11	10	2000
22	11	11	9200
22	11	61	475000
22	11	NA	494200
22	12	2	4500
22	12	3	11700
22	12	4	12700
22	12	5	13300
22	12	6	4000
22	12	7	2500
22	12	8	4400
22	12	9	12600
22	12	10	9000
22	12	11	1900
22	12	12	8900
22	12	62	467900
22	12	NA	491400
22	13	2	10600
22	13	3	4500
22	13	4	11500
22	13	5	12700
22	13	6	13100
22	13	7	3800
22	13	8	2500
22	13	9	4300
22	13	10	12300
22	13	11	9000
22	13	12	1900
22	13	13	8900
22	13	63	459200
22	13	NA	488000
22	14	2	12800
22	14	3	10500
22	14	4	4500
22	14	5	11200
22	14	6	12500
22	14	7	12800
22	14	8	3700
22	14	9	2500
22	14	10	4200
22	14	11	12100
22	14	12	8700
22	14	13	1900
22	14	14	8300
22	14	64	442200
22	14	NA	480800
22	15	2	26700
22	15	3	12800
22	15	4	10500
22	15	5	4500
22	15	6	11200
22	15	7	12500
22	15	8	12700
22	15	9	3700
22	15	10	2500
22	15	11	4200
22	15	12	12000
22	15	13	8600
22	15	14	1900
22	15	15	8300
22	15	65	440300
22	15	NA	479800
22	16	2	3200
22	16	3	26700
22	16	4	12700
22	16	5	10500
22	16	6	4500
22	16	7	11200
22	16	8	12500
22	16	9	12700
22	16	10	3700
22	16	11	2500
22	16	12	4200
22	16	13	12000
22	16	14	8600
22	16	15	1900
22	16	16	8300
22	16	66	438000
22	16	NA	478400
22	17	2	3800
22	17	3	3200
22	17	4	26700
22	17	5	12700
22	17	6	10500
22	17	7	4500
22	17	8	11200
22	17	9	12500
22	17	10	12700
22	17	11	3700
22	17	12	2500
22	17	13	4200
22	17	14	12000
22	17	15	8600
22	17	16	1900
22	17	17	8300
22	17	67	436800
22	17	NA	478200
22	18	2	1400
22	18	3	3700
22	18	4	3200
22	18	5	26600
22	18	6	12700
22	18	7	10500
22	18	8	4500
22	18	9	11200
22	18	10	12500
22	18	11	12700
22	18	12	3700
22	18	13	2500
22	18	14	4200
22	18	15	11900
22	18	16	8600
22	18	17	1900
22	18	18	8300
22	18	68	434600
22	18	NA	477000
22	19	2	3700
22	19	3	1400
22	19	4	3700
22	19	5	3200
22	19	6	26500
22	19	7	12600
22	19	8	10300
22	19	9	4500
22	19	10	11100
22	19	11	12400
22	19	12	12600
22	19	13	3700
22	19	14	2400
22	19	15	4200
22	19	16	11700
22	19	17	8500
22	19	18	1900
22	19	19	8200
22	19	69	430000
22	19	NA	474400
22	20	2	8300
22	20	3	3700
22	20	4	1400
22	20	5	3700
22	20	6	3200
22	20	7	26300
22	20	8	12500
22	20	9	10300
22	20	10	4300
22	20	11	10800
22	20	12	11300
22	20	13	12600
22	20	14	3700
22	20	15	2400
22	20	16	4200
22	20	17	11500
22	20	18	8300
22	20	19	1900
22	20	20	7800
22	20	70	423500
22	20	NA	470800
23	1	51	530500
23	1	NA	515000
23	2	2	9800
23	2	52	528100
23	2	NA	513300
23	3	2	4200
23	3	3	9800
23	3	53	525600
23	3	NA	511800
23	4	2	4000
23	4	3	4100
23	4	4	9500
23	4	54	520100
23	4	NA	509900
23	5	2	7800
23	5	3	4000
23	5	4	4100
23	5	5	9500
23	5	55	515700
23	5	NA	509200
23	6	2	5000
23	6	3	7800
23	6	4	4000
23	6	5	4000
23	6	6	9500
23	6	56	488300
23	6	NA	499700
23	7	2	37000
23	7	3	5000
23	7	4	7800
23	7	5	4000
23	7	6	4000
23	7	7	9500
23	7	57	484100
23	7	NA	498600
23	8	2	5400
23	8	3	36600
23	8	4	5000
23	8	5	7800
23	8	6	4000
23	8	7	4000
23	8	8	9500
23	8	58	480900
23	8	NA	497500
23	9	2	4700
23	9	3	5400
23	9	4	36600
23	9	5	5000
23	9	6	7800
23	9	7	4000
23	9	8	4000
23	9	9	9500
23	9	59	478600
23	9	NA	496500
23	10	2	3300
23	10	3	4700
23	10	4	5400
23	10	5	36600
23	10	6	5000
23	10	7	7800
23	10	8	4000
23	10	9	4000
23	10	10	9500
23	10	60	477600
23	10	NA	496000
23	11	2	1500
23	11	3	3300
23	11	4	4600
23	11	5	5400
23	11	6	36500
23	11	7	5000
23	11	8	7700
23	11	9	4000
23	11	10	4000
23	11	11	9500
23	11	61	474400
23	11	NA	494800
23	12	2	4700
23	12	3	1500
23	12	4	3300
23	12	5	4600
23	12	6	5400
23	12	7	36300
23	12	8	5000
23	12	9	7700
23	12	10	4000
23	12	11	4000
23	12	12	9500
23	12	62	471900
23	12	NA	493700
23	13	2	3800
23	13	3	4700
23	13	4	1500
23	13	5	3200
23	13	6	4600
23	13	7	5300
23	13	8	35900
23	13	9	5000
23	13	10	7700
23	13	11	4000
23	13	12	4000
23	13	13	9200
23	13	63	464500
23	13	NA	490900
23	14	2	11000
23	14	3	3800
23	14	4	4700
23	14	5	1500
23	14	6	3200
23	14	7	4600
23	14	8	5300
23	14	9	35600
23	14	10	5000
23	14	11	7700
23	14	12	4000
23	14	13	3900
23	14	14	9100
23	14	64	460100
23	14	NA	488800
23	15	2	7100
23	15	3	11000
23	15	4	3800
23	15	5	4700
23	15	6	1500
23	15	7	3200
23	15	8	4600
23	15	9	5300
23	15	10	35000
23	15	11	4700
23	15	12	7400
23	15	13	4000
23	15	14	3900
23	15	15	9100
23	15	65	449000
23	15	NA	484800
23	16	2	16300
23	16	3	7100
23	16	4	10800
23	16	5	3800
23	16	6	4600
23	16	7	1500
23	16	8	3200
23	16	9	4600
23	16	10	5300
23	16	11	34300
23	16	12	4600
23	16	13	7400
23	16	14	4000
23	16	15	3700
23	16	16	8900
23	16	66	444400
23	16	NA	483500
23	17	2	7300
23	17	3	16200
23	17	4	7100
23	17	5	10800
23	17	6	3800
23	17	7	4600
23	17	8	1400
23	17	9	3200
23	17	10	4500
23	17	11	5300
23	17	12	33900
23	17	13	4500
23	17	14	7300
23	17	15	4000
23	17	16	3300
23	17	17	8400
23	17	67	430400
23	17	NA	477800
23	18	2	21600
23	18	3	7100
23	18	4	15800
23	18	5	6900
23	18	6	10800
23	18	7	3800
23	18	8	4600
23	18	9	1400
23	18	10	3200
23	18	11	4300
23	18	12	5300
23	18	13	31600
23	18	14	4400
23	18	15	7300
23	18	16	3700
23	18	17	3300
23	18	18	8400
23	18	68	416700
23	18	NA	472900
23	19	2	22300
23	19	3	21600
23	19	4	7100
23	19	5	15800
23	19	6	6900
23	19	7	10800
23	19	8	3800
23	19	9	4600
23	19	10	1400
23	19	11	3200
23	19	12	4300
23	19	13	5300
23	19	14	31500
23	19	15	4400
23	19	16	7300
23	19	17	3700
23	19	18	3300
23	19	19	8400
23	19	69	415900
23	19	NA	472200
23	20	2	1600
23	20	3	22300
23	20	4	21600
23	20	5	7100
23	20	6	15800
23	20	7	6900
23	20	8	10800
23	20	9	3800
23	20	10	4600
23	20	11	1400
23	20	12	3200
23	20	13	4300
23	20	14	5300
23	20	15	31300
23	20	16	4400
23	20	17	7300
23	20	18	3700
23	20	19	3300
23	20	20	8400
23	20	70	412700
23	20	NA	471500
24	1	51	528900
24	1	NA	515200
24	2	2	11300
24	2	52	527300
24	2	NA	514700
24	3	2	2100
24	3	3	11300
24	3	53	525200
24	3	NA	514000
24	4	2	2800
24	4	3	2100
24	4	4	11300
24	4	54	521600
24	4	NA	512500
24	5	2	5100
24	5	3	2700
24	5	4	2000
24	5	5	11200
24	5	55	488800
24	5	NA	501900
24	6	2	43600
24	6	3	5100
24	6	4	2600
24	6	5	2000
24	6	6	11200
24	6	56	486200
24	6	NA	500200
24	7	2	4500
24	7	3	43600
24	7	4	5100
24	7	5	2600
24	7	6	2000
24	7	7	11200
24	7	57	482500
24	7	NA	499500
24	8	2	4200
24	8	3	4500
24	8	4	43200
24	8	5	4900
24	8	6	2600
24	8	7	2000
24	8	8	11200
24	8	58	473700
24	8	NA	496500
24	9	2	12500
24	9	3	4200
24	9	4	3900
24	9	5	41900
24	9	6	4900
24	9	7	2600
24	9	8	2000
24	9	9	10700
24	9	59	447600
24	9	NA	487400
24	10	2	37700
24	10	3	12500
24	10	4	4200
24	10	5	3900
24	10	6	41900
24	10	7	4600
24	10	8	2600
24	10	9	2000
24	10	10	10600
24	10	60	443100
24	10	NA	485600
24	11	2	6700
24	11	3	37700
24	11	4	12500
24	11	5	4200
24	11	6	3900
24	11	7	41900
24	11	8	4600
24	11	9	2600
24	11	10	2000
24	11	11	10600
24	11	61	442300
24	11	NA	485300
24	12	2	1100
24	12	3	6500
24	12	4	37500
24	12	5	12300
24	12	6	4200
24	12	7	3900
24	12	8	41300
24	12	9	4600
24	12	10	2600
24	12	11	2000
24	12	12	10300
24	12	62	435600
24	12	NA	482300
24	13	2	11200
24	13	3	1100
24	13	4	6500
24	13	5	37400
24	13	6	12300
24	13	7	4200
24	13	8	3900
24	13	9	41200
24	13	10	4600
24	13	11	2500
24	13	12	2000
24	13	13	10200
24	13	63	432000
24	13	NA	480800
24	14	2	5500
24	14	3	11100
24	14	4	1100
24	14	5	6500
24	14	6	37400
24	14	7	12300
24	14	8	4200
24	14	9	3900
24	14	10	40700
24	14	11	4600
24	14	12	2500
24	14	13	2000
24	14	14	10200
24	14	64	428700
24	14	NA	478500
24	15	2	6200
24	15	3	5500
24	15	4	11100
24	15	5	1100
24	15	6	6500
24	15	7	37300
24	15	8	12100
24	15	9	4200
24	15	10	3900
24	15	11	40700
24	15	12	4300
24	15	13	2500
24	15	14	2000
24	15	15	10200
24	15	65	426400
24	15	NA	476800
24	16	2	4600
24	16	3	6200
24	16	4	5500
24	16	5	11100
24	16	6	1100
24	16	7	6400
24	16	8	37300
24	16	9	12100
24	16	10	4200
24	16	11	3900
24	16	12	40700
24	16	13	4300
24	16	14	2500
24	16	15	2000
24	16	16	10200
24	16	66	423700
24	16	NA	475700
24	17	2	3900
24	17	3	4600
24	17	4	6200
24	17	5	5500
24	17	6	11000
24	17	7	1100
24	17	8	6400
24	17	9	37200
24	17	10	11900
24	17	11	4200
24	17	12	3900
24	17	13	40500
24	17	14	4300
24	17	15	2400
24	17	16	2000
24	17	17	10200
24	17	67	417300
24	17	NA	473200
24	18	2	9600
24	18	3	3900
24	18	4	4500
24	18	5	6200
24	18	6	5500
24	18	7	11000
24	18	8	1100
24	18	9	6400
24	18	10	36200
24	18	11	11900
24	18	12	4200
24	18	13	3900
24	18	14	39700
24	18	15	4300
24	18	16	2400
24	18	17	2000
24	18	18	10000
24	18	68	411900
24	18	NA	471300
24	19	2	9400
24	19	3	9500
24	19	4	3900
24	19	5	4500
24	19	6	6200
24	19	7	5500
24	19	8	11000
24	19	9	1100
24	19	10	6400
24	19	11	35900
24	19	12	11800
24	19	13	4200
24	19	14	3900
24	19	15	39700
24	19	16	4300
24	19	17	2400
24	19	18	2000
24	19	19	10000
24	19	69	409900
24	19	NA	470800
24	20	2	3000
24	20	3	9400
24	20	4	9500
24	20	5	3800
24	20	6	4500
24	20	7	6200
24	20	8	5500
24	20	9	11000
24	20	10	1100
24	20	11	6400
24	20	12	35900
24	20	13	11800
24	20	14	4100
24	20	15	3900
24	20	16	38500
24	20	17	4300
24	20	18	2400
24	20	19	2000
24	20	20	10000
24	20	70	409600
24	20	NA	470200
25	1	51	527100
25	1	NA	512800
25	2	2	15400
25	2	52	524900
25	2	NA	512300
25	3	2	2800
25	3	3	15400
25	3	53	516800
25	3	NA	509000
25	4	2	11400
25	4	3	2700
25	4	4	15400
25	4	54	515600
25	4	NA	508500
25	5	2	1800
25	5	3	11200
25	5	4	2700
25	5	5	15400
25	5	55	508800
25	5	NA	505400
25	6	2	10100
25	6	3	1800
25	6	4	11200
25	6	5	2700
25	6	6	15400
25	6	56	505400
25	6	NA	504200
25	7	2	4600
25	7	3	10000
25	7	4	1800
25	7	5	11200
25	7	6	2700
25	7	7	15100
25	7	57	492000
25	7	NA	500700
25	8	2	17300
25	8	3	4600
25	8	4	10000
25	8	5	1700
25	8	6	11200
25	8	7	2700
25	8	8	15100
25	8	58	490400
25	8	NA	499900
25	9	2	2500
25	9	3	17300
25	9	4	4600
25	9	5	10000
25	9	6	1700
25	9	7	11100
25	9	8	2700
25	9	9	15100
25	9	59	488500
25	9	NA	499300
25	10	2	2600
25	10	3	2500
25	10	4	17200
25	10	5	4600
25	10	6	10000
25	10	7	1700
25	10	8	11100
25	10	9	2700
25	10	10	14900
25	10	60	486800
25	10	NA	498600
25	11	2	2700
25	11	3	2500
25	11	4	2500
25	11	5	17200
25	11	6	4600
25	11	7	10000
25	11	8	1700
25	11	9	11100
25	11	10	2700
25	11	11	14900
25	11	61	485400
25	11	NA	498300
25	12	2	1800
25	12	3	2700
25	12	4	2500
25	12	5	2500
25	12	6	17100
25	12	7	4600
25	12	8	10000
25	12	9	1700
25	12	10	10500
25	12	11	2600
25	12	12	14600
25	12	62	476000
25	12	NA	495600
25	13	2	13200
25	13	3	1800
25	13	4	2700
25	13	5	2500
25	13	6	2400
25	13	7	17100
25	13	8	4600
25	13	9	9900
25	13	10	1700
25	13	11	10500
25	13	12	2600
25	13	13	14600
25	13	63	474000
25	13	NA	494700
25	14	2	3100
25	14	3	12700
25	14	4	1800
25	14	5	2700
25	14	6	2500
25	14	7	2400
25	14	8	17100
25	14	9	4500
25	14	10	9500
25	14	11	1700
25	14	12	9600
25	14	13	2600
25	14	14	14300
25	14	64	466200
25	14	NA	491600
25	15	2	13100
25	15	3	3100
25	15	4	12600
25	15	5	1800
25	15	6	2700
25	15	7	2500
25	15	8	2400
25	15	9	17100
25	15	10	4500
25	15	11	9400
25	15	12	1700
25	15	13	9600
25	15	14	2600
25	15	15	14300
25	15	65	464700
25	15	NA	491200
25	16	2	2100
25	16	3	13100
25	16	4	3100
25	16	5	12600
25	16	6	1800
25	16	7	2700
25	16	8	2500
25	16	9	2400
25	16	10	16500
25	16	11	4100
25	16	12	9400
25	16	13	1700
25	16	14	9600
25	16	15	2600
25	16	16	14100
25	16	66	455300
25	16	NA	489600
25	17	2	12200
25	17	3	2100
25	17	4	13100
25	17	5	3100
25	17	6	12600
25	17	7	1800
25	17	8	2700
25	17	9	2500
25	17	10	2400
25	17	11	16500
25	17	12	4100
25	17	13	9400
25	17	14	1700
25	17	15	9600
25	17	16	2600
25	17	17	14100
25	17	67	453100
25	17	NA	488800
25	18	2	3000
25	18	3	12200
25	18	4	2100
25	18	5	13000
25	18	6	3100
25	18	7	12600
25	18	8	1800
25	18	9	2700
25	18	10	2500
25	18	11	2400
25	18	12	16500
25	18	13	4100
25	18	14	9400
25	18	15	1600
25	18	16	9600
25	18	17	2500
25	18	18	14100
25	18	68	451900
25	18	NA	488500
25	19	2	1800
25	19	3	3000
25	19	4	12100
25	19	5	2100
25	19	6	12500
25	19	7	3100
25	19	8	12600
25	19	9	1800
25	19	10	2700
25	19	11	2500
25	19	12	2400
25	19	13	15200
25	19	14	4000
25	19	15	9100
25	19	16	1500
25	19	17	8900
25	19	18	2300
25	19	19	12700
25	19	69	431800
25	19	NA	481000
25	20	2	32100
25	20	3	1800
25	20	4	3000
25	20	5	12000
25	20	6	2100
25	20	7	12500
25	20	8	3100
25	20	9	12600
25	20	10	1700
25	20	11	2700
25	20	12	2400
25	20	13	2400
25	20	14	15100
25	20	15	4000
25	20	16	9000
25	20	17	1500
25	20	18	8600
25	20	19	2300
25	20	20	12700
25	20	70	426800
25	20	NA	479700
26	1	51	533100
26	1	NA	515200
26	2	2	7100
26	2	52	528100
26	2	NA	513400
26	3	2	6800
26	3	3	7100
26	3	53	525500
26	3	NA	512000
26	4	2	4000
26	4	3	6700
26	4	4	7100
26	4	54	514700
26	4	NA	508600
26	5	2	14300
26	5	3	3900
26	5	4	6700
26	5	5	7000
26	5	55	498800
26	5	NA	506500
26	6	2	18200
26	6	3	14300
26	6	4	3900
26	6	5	6700
26	6	6	7000
26	6	56	498100
26	6	NA	506000
26	7	2	1200
26	7	3	18200
26	7	4	14200
26	7	5	3900
26	7	6	6700
26	7	7	7000
26	7	57	494700
26	7	NA	505300
26	8	2	4200
26	8	3	1100
26	8	4	18100
26	8	5	14000
26	8	6	3900
26	8	7	6700
26	8	8	7000
26	8	58	490800
26	8	NA	502900
26	9	2	6700
26	9	3	4200
26	9	4	1100
26	9	5	18100
26	9	6	14000
26	9	7	3900
26	9	8	6700
26	9	9	7000
26	9	59	489800
26	9	NA	501900
26	10	2	2000
26	10	3	6700
26	10	4	4200
26	10	5	1100
26	10	6	18000
26	10	7	13700
26	10	8	3900
26	10	9	6700
26	10	10	7000
26	10	60	482400
26	10	NA	499200
26	11	2	10500
26	11	3	2000
26	11	4	6700
26	11	5	4200
26	11	6	1100
26	11	7	18000
26	11	8	13700
26	11	9	3900
26	11	10	6600
26	11	11	6900
26	11	61	480400
26	11	NA	498300
26	12	2	3100
26	12	3	10500
26	12	4	2000
26	12	5	6700
26	12	6	4200
26	12	7	1100
26	12	8	18000
26	12	9	13700
26	12	10	3900
26	12	11	6600
26	12	12	6600
26	12	62	477100
26	12	NA	497300
26	13	2	4600
26	13	3	3100
26	13	4	10500
26	13	5	1900
26	13	6	6600
26	13	7	4200
26	13	8	1100
26	13	9	17900
26	13	10	13600
26	13	11	3800
26	13	12	6500
26	13	13	6600
26	13	63	468500
26	13	NA	493000
26	14	2	13400
26	14	3	4600
26	14	4	3100
26	14	5	10500
26	14	6	1900
26	14	7	6600
26	14	8	4200
26	14	9	1100
26	14	10	17900
26	14	11	13600
26	14	12	3800
26	14	13	6500
26	14	14	6600
26	14	64	465000
26	14	NA	491800
26	15	2	4800
26	15	3	13100
26	15	4	4600
26	15	5	3100
26	15	6	10300
26	15	7	1800
26	15	8	6600
26	15	9	4200
26	15	10	1100
26	15	11	16200
26	15	12	13100
26	15	13	3500
26	15	14	6300
26	15	15	6400
26	15	65	453900
26	15	NA	488500
26	16	2	17800
26	16	3	4700
26	16	4	13100
26	16	5	4600
26	16	6	3100
26	16	7	10300
26	16	8	1800
26	16	9	6600
26	16	10	4200
26	16	11	1100
26	16	12	16000
26	16	13	12900
26	16	14	3500
26	16	15	6300
26	16	16	6100
26	16	66	449900
26	16	NA	485700
26	17	2	7700
26	17	3	17800
26	17	4	4700
26	17	5	13000
26	17	6	4600
26	17	7	3100
26	17	8	10300
26	17	9	1800
26	17	10	6600
26	17	11	3900
26	17	12	1100
26	17	13	16000
26	17	14	12900
26	17	15	3500
26	17	16	6300
26	17	17	6100
26	17	67	444400
26	17	NA	484100
26	18	2	7500
26	18	3	7700
26	18	4	17700
26	18	5	4700
26	18	6	12900
26	18	7	4600
26	18	8	3100
26	18	9	10200
26	18	10	1800
26	18	11	6500
26	18	12	3900
26	18	13	1100
26	18	14	15700
26	18	15	12800
26	18	16	3500
26	18	17	6300
26	18	18	5900
26	18	68	439500
26	18	NA	481600
26	19	2	8400
26	19	3	7400
26	19	4	7700
26	19	5	17700
26	19	6	4700
26	19	7	12900
26	19	8	4600
26	19	9	3100
26	19	10	10200
26	19	11	1800
26	19	12	6500
26	19	13	3900
26	19	14	1100
26	19	15	15700
26	19	16	12700
26	19	17	3500
26	19	18	6200
26	19	19	5900
26	19	69	437200
26	19	NA	481100
26	20	2	3100
26	20	3	8300
26	20	4	7400
26	20	5	7700
26	20	6	17600
26	20	7	4700
26	20	8	12900
26	20	9	4600
26	20	10	2900
26	20	11	10100
26	20	12	1800
26	20	13	6400
26	20	14	3900
26	20	15	1100
26	20	16	15500
26	20	17	12500
26	20	18	3500
26	20	19	6200
26	20	20	5900
26	20	70	433200
26	20	NA	480100
27	1	51	534200
27	1	NA	515700
27	2	2	5500
27	2	52	528000
27	2	NA	511700
27	3	2	10100
27	3	3	5200
27	3	53	495200
27	3	NA	500800
27	4	2	44100
27	4	3	10100
27	4	4	5200
27	4	54	491700
27	4	NA	500400
27	5	2	3900
27	5	3	43400
27	5	4	9900
27	5	5	5200
27	5	55	483700
27	5	NA	496000
27	6	2	13200
27	6	3	3900
27	6	4	43100
27	6	5	9900
27	6	6	5200
27	6	56	477200
27	6	NA	492900
27	7	2	10000
27	7	3	13200
27	7	4	3900
27	7	5	43000
27	7	6	9900
27	7	7	5200
27	7	57	475700
27	7	NA	491700
27	8	2	2800
27	8	3	10000
27	8	4	13200
27	8	5	3900
27	8	6	43000
27	8	7	9900
27	8	8	5200
27	8	58	467900
27	8	NA	489200
27	9	2	10200
27	9	3	2800
27	9	4	9700
27	9	5	13200
27	9	6	3900
27	9	7	42800
27	9	8	9900
27	9	9	5200
27	9	59	460800
27	9	NA	486800
27	10	2	10100
27	10	3	10200
27	10	4	2800
27	10	5	9700
27	10	6	13200
27	10	7	3900
27	10	8	42600
27	10	9	9900
27	10	10	5200
27	10	60	459700
27	10	NA	485200
27	11	2	2900
27	11	3	10100
27	11	4	10200
27	11	5	2800
27	11	6	9700
27	11	7	13200
27	11	8	3900
27	11	9	42500
27	11	10	9900
27	11	11	5200
27	11	61	457200
27	11	NA	484400
27	12	2	3400
27	12	3	2800
27	12	4	10100
27	12	5	10200
27	12	6	2800
27	12	7	9600
27	12	8	13000
27	12	9	3900
27	12	10	41900
27	12	11	9800
27	12	12	5100
27	12	62	453000
27	12	NA	482500
27	13	2	7300
27	13	3	3400
27	13	4	2800
27	13	5	10100
27	13	6	10100
27	13	7	2800
27	13	8	9600
27	13	9	13000
27	13	10	3900
27	13	11	41900
27	13	12	9800
27	13	13	5100
27	13	63	448800
27	13	NA	481600
27	14	2	5200
27	14	3	7000
27	14	4	3400
27	14	5	2600
27	14	6	9800
27	14	7	10000
27	14	8	2800
27	14	9	9500
27	14	10	11600
27	14	11	3700
27	14	12	37700
27	14	13	9600
27	14	14	4900
27	14	64	423100
27	14	NA	471400
27	15	2	42600
27	15	3	5100
27	15	4	7000
27	15	5	3400
27	15	6	2600
27	15	7	9800
27	15	8	10000
27	15	9	2800
27	15	10	9400
27	15	11	11400
27	15	12	3700
27	15	13	36700
27	15	14	9500
27	15	15	4700
27	15	65	417300
27	15	NA	468000
27	16	2	11400
27	16	3	42500
27	16	4	5100
27	16	5	7000
27	16	6	3400
27	16	7	2600
27	16	8	9700
27	16	9	10000
27	16	10	2800
27	16	11	9400
27	16	12	11400
27	16	13	3700
27	16	14	36600
27	16	15	9500
27	16	16	4700
27	16	66	415600
27	16	NA	467700
27	17	2	2300
27	17	3	11300
27	17	4	42500
27	17	5	5100
27	17	6	7000
27	17	7	3400
27	17	8	2500
27	17	9	9700
27	17	10	9400
27	17	11	2600
27	17	12	9200
27	17	13	11300
27	17	14	3600
27	17	15	36500
27	17	16	9400
27	17	17	4600
27	17	67	407100
27	17	NA	465000
27	18	2	12900
27	18	3	2300
27	18	4	11300
27	18	5	42400
27	18	6	4900
27	18	7	6800
27	18	8	3300
27	18	9	2500
27	18	10	9500
27	18	11	9400
27	18	12	2600
27	18	13	8800
27	18	14	11100
27	18	15	3600
27	18	16	36500
27	18	17	8700
27	18	18	4600
27	18	68	401300
27	18	NA	461500
27	19	2	11400
27	19	3	12800
27	19	4	2300
27	19	5	11200
27	19	6	42300
27	19	7	4800
27	19	8	6700
27	19	9	3300
27	19	10	2500
27	19	11	9200
27	19	12	8500
27	19	13	2500
27	19	14	8800
27	19	15	11100
27	19	16	3600
27	19	17	36200
27	19	18	8600
27	19	19	4600
27	19	69	394100
27	19	NA	459900
27	20	2	11000
27	20	3	11400
27	20	4	12800
27	20	5	2300
27	20	6	11200
27	20	7	42300
27	20	8	4700
27	20	9	6700
27	20	10	3300
27	20	11	2500
27	20	12	9200
27	20	13	8500
27	20	14	2500
27	20	15	8800
27	20	16	11100
27	20	17	3600
27	20	18	35700
27	20	19	8600
27	20	20	4600
27	20	70	392100
27	20	NA	459800
28	1	51	533700
28	1	NA	515000
28	2	2	6700
28	2	52	524000
28	2	NA	511900
28	3	2	12800
28	3	3	6700
28	3	53	521700
28	3	NA	511200
28	4	2	3000
28	4	3	12800
28	4	4	6700
28	4	54	512200
28	4	NA	508100
28	5	2	12600
28	5	3	3000
28	5	4	12700
28	5	5	6700
28	5	55	507800
28	5	NA	505600
28	6	2	6900
28	6	3	12300
28	6	4	3000
28	6	5	12600
28	6	6	6700
28	6	56	495400
28	6	NA	503600
28	7	2	14700
28	7	3	6700
28	7	4	12300
28	7	5	3000
28	7	6	12600
28	7	7	6600
28	7	57	493100
28	7	NA	502000
28	8	2	4400
28	8	3	14300
28	8	4	6700
28	8	5	12000
28	8	6	3000
28	8	7	12300
28	8	8	6400
28	8	58	463600
28	8	NA	493000
28	9	2	39600
28	9	3	4400
28	9	4	14100
28	9	5	6500
28	9	6	11900
28	9	7	3000
28	9	8	12100
28	9	9	6400
28	9	59	456800
28	9	NA	489700
28	10	2	10900
28	10	3	39500
28	10	4	4400
28	10	5	14100
28	10	6	6500
28	10	7	11800
28	10	8	3000
28	10	9	12100
28	10	10	6400
28	10	60	453800
28	10	NA	487500
28	11	2	5400
28	11	3	10900
28	11	4	39500
28	11	5	4400
28	11	6	14100
28	11	7	6500
28	11	8	11800
28	11	9	3000
28	11	10	12100
28	11	11	6400
28	11	61	453400
28	11	NA	487000
28	12	2	900
28	12	3	5400
28	12	4	10800
28	12	5	39300
28	12	6	4400
28	12	7	14000
28	12	8	6500
28	12	9	11800
28	12	10	3000
28	12	11	12000
28	12	12	6300
28	12	62	451900
28	12	NA	486300
28	13	2	2800
28	13	3	900
28	13	4	5400
28	13	5	10700
28	13	6	39300
28	13	7	4300
28	13	8	13900
28	13	9	6500
28	13	10	11800
28	13	11	3000
28	13	12	11900
28	13	13	6300
28	13	63	446900
28	13	NA	485200
28	14	2	6500
28	14	3	2700
28	14	4	900
28	14	5	5400
28	14	6	10600
28	14	7	39200
28	14	8	4100
28	14	9	13700
28	14	10	6400
28	14	11	11700
28	14	12	3000
28	14	13	11900
28	14	14	6000
28	14	64	442800
28	14	NA	484200
28	15	2	6300
28	15	3	6500
28	15	4	2700
28	15	5	900
28	15	6	5400
28	15	7	10600
28	15	8	39200
28	15	9	4100
28	15	10	13600
28	15	11	6300
28	15	12	11500
28	15	13	3000
28	15	14	11900
28	15	15	6000
28	15	65	439900
28	15	NA	481500
28	16	2	6000
28	16	3	6300
28	16	4	6500
28	16	5	2700
28	16	6	900
28	16	7	5400
28	16	8	10600
28	16	9	39200
28	16	10	4100
28	16	11	13600
28	16	12	6300
28	16	13	11400
28	16	14	3000
28	16	15	11800
28	16	16	5900
28	16	66	436700
28	16	NA	480700
28	17	2	4300
28	17	3	6000
28	17	4	6300
28	17	5	6500
28	17	6	2700
28	17	7	900
28	17	8	5400
28	17	9	10600
28	17	10	39100
28	17	11	4100
28	17	12	13600
28	17	13	6200
28	17	14	11400
28	17	15	2800
28	17	16	11800
28	17	17	5800
28	17	67	429500
28	17	NA	478700
28	18	2	9700
28	18	3	4300
28	18	4	6000
28	18	5	6300
28	18	6	6500
28	18	7	2700
28	18	8	900
28	18	9	5300
28	18	10	10500
28	18	11	38800
28	18	12	4100
28	18	13	13500
28	18	14	6200
28	18	15	11400
28	18	16	2800
28	18	17	11800
28	18	18	5700
28	18	68	427100
28	18	NA	477600
28	19	2	4200
28	19	3	9600
28	19	4	4300
28	19	5	6000
28	19	6	6300
28	19	7	6500
28	19	8	2700
28	19	9	900
28	19	10	5300
28	19	11	10400
28	19	12	38400
28	19	13	4100
28	19	14	13500
28	19	15	6100
28	19	16	11200
28	19	17	2700
28	19	18	11800
28	19	19	5700
28	19	69	420800
28	19	NA	475200
28	20	2	9600
28	20	3	4100
28	20	4	9600
28	20	5	4100
28	20	6	5800
28	20	7	6300
28	20	8	6400
28	20	9	2700
28	20	10	800
28	20	11	5300
28	20	12	10200
28	20	13	37300
28	20	14	4000
28	20	15	13500
28	20	16	6000
28	20	17	10800
28	20	18	2700
28	20	19	11400
28	20	20	5500
28	20	70	409900
28	20	NA	470600
29	1	51	532800
29	1	NA	515500
29	2	2	7000
29	2	52	519100
29	2	NA	512000
29	3	2	17200
29	3	3	7000
29	3	53	516300
29	3	NA	509900
29	4	2	5000
29	4	3	16900
29	4	4	6900
29	4	54	504800
29	4	NA	506600
29	5	2	15200
29	5	3	5000
29	5	4	16900
29	5	5	6900
29	5	55	500700
29	5	NA	506300
29	6	2	4400
29	6	3	15000
29	6	4	5000
29	6	5	16900
29	6	6	6800
29	6	56	494900
29	6	NA	504600
29	7	2	7800
29	7	3	4200
29	7	4	15000
29	7	5	5000
29	7	6	16800
29	7	7	6800
29	7	57	492400
29	7	NA	503800
29	8	2	3600
29	8	3	7800
29	8	4	4200
29	8	5	14900
29	8	6	5000
29	8	7	16700
29	8	8	6800
29	8	58	483200
29	8	NA	500700
29	9	2	12400
29	9	3	3600
29	9	4	7800
29	9	5	4200
29	9	6	14900
29	9	7	5000
29	9	8	16700
29	9	9	6800
29	9	59	481000
29	9	NA	499600
29	10	2	3300
29	10	3	12200
29	10	4	3600
29	10	5	7700
29	10	6	4200
29	10	7	14800
29	10	8	4900
29	10	9	16500
29	10	10	6600
29	10	60	472500
29	10	NA	495800
29	11	2	13300
29	11	3	3300
29	11	4	12000
29	11	5	3600
29	11	6	7700
29	11	7	4200
29	11	8	14800
29	11	9	4900
29	11	10	16500
29	11	11	6500
29	11	61	470900
29	11	NA	494700
29	12	2	3000
29	12	3	13200
29	12	4	3200
29	12	5	12000
29	12	6	3600
29	12	7	7700
29	12	8	4200
29	12	9	14800
29	12	10	4800
29	12	11	16400
29	12	12	6500
29	12	62	468200
29	12	NA	493300
29	13	2	4500
29	13	3	3000
29	13	4	13200
29	13	5	3200
29	13	6	11900
29	13	7	3600
29	13	8	7700
29	13	9	4200
29	13	10	14800
29	13	11	4700
29	13	12	16100
29	13	13	6500
29	13	63	460300
29	13	NA	489900
29	14	2	11800
29	14	3	4500
29	14	4	3000
29	14	5	13200
29	14	6	3200
29	14	7	11900
29	14	8	3600
29	14	9	7700
29	14	10	4200
29	14	11	14700
29	14	12	4700
29	14	13	16000
29	14	14	6400
29	14	64	458300
29	14	NA	489400
29	15	2	2800
29	15	3	11600
29	15	4	4500
29	15	5	3000
29	15	6	12900
29	15	7	3200
29	15	8	11700
29	15	9	3600
29	15	10	7500
29	15	11	4100
29	15	12	14400
29	15	13	4700
29	15	14	15500
29	15	15	6300
29	15	65	451100
29	15	NA	486400
29	16	2	12100
29	16	3	2800
29	16	4	11600
29	16	5	4500
29	16	6	3000
29	16	7	12900
29	16	8	3200
29	16	9	11600
29	16	10	3600
29	16	11	7500
29	16	12	4000
29	16	13	14300
29	16	14	4700
29	16	15	15300
29	16	16	6300
29	16	66	449400
29	16	NA	485800
29	17	2	2800
29	17	3	11900
29	17	4	2800
29	17	5	11500
29	17	6	4500
29	17	7	2900
29	17	8	12600
29	17	9	3200
29	17	10	11000
29	17	11	3600
29	17	12	7500
29	17	13	4000
29	17	14	13700
29	17	15	4600
29	17	16	15000
29	17	17	6100
29	17	67	441200
29	17	NA	481200
29	18	2	15300
29	18	3	2800
29	18	4	11900
29	18	5	2800
29	18	6	11500
29	18	7	4500
29	18	8	2900
29	18	9	12600
29	18	10	3200
29	18	11	10800
29	18	12	3600
29	18	13	7400
29	18	14	4000
29	18	15	13700
29	18	16	4600
29	18	17	15000
29	18	18	6100
29	18	68	439500
29	18	NA	480700
29	19	2	2500
29	19	3	15200
29	19	4	2800
29	19	5	11700
29	19	6	2800
29	19	7	11500
29	19	8	4500
29	19	9	2900
29	19	10	12600
29	19	11	3200
29	19	12	10800
29	19	13	3600
29	19	14	7400
29	19	15	4000
29	19	16	13600
29	19	17	4600
29	19	18	14900
29	19	19	6100
29	19	69	436600
29	19	NA	480000
29	20	2	4100
29	20	3	2500
29	20	4	15200
29	20	5	2800
29	20	6	11600
29	20	7	2800
29	20	8	11500
29	20	9	4500
29	20	10	2900
29	20	11	12600
29	20	12	3200
29	20	13	10700
29	20	14	3500
29	20	15	7400
29	20	16	3900
29	20	17	13600
29	20	18	4600
29	20	19	14900
29	20	20	6100
29	20	70	434200
29	20	NA	479200
30	1	51	531500
30	1	NA	515400
30	2	2	8500
30	2	52	529100
30	2	NA	514700
30	3	2	3100
30	3	3	8400
30	3	53	521900
30	3	NA	511600
30	4	2	10400
30	4	3	3100
30	4	4	8400
30	4	54	503100
30	4	NA	503600
30	5	2	26800
30	5	3	10300
30	5	4	3100
30	5	5	8400
30	5	55	499200
30	5	NA	501900
30	6	2	5700
30	6	3	26800
30	6	4	10300
30	6	5	3100
30	6	6	8300
30	6	56	497900
30	6	NA	500700
30	7	2	2600
30	7	3	5700
30	7	4	26800
30	7	5	10300
30	7	6	3100
30	7	7	8200
30	7	57	494200
30	7	NA	499600
30	8	2	4900
30	8	3	2600
30	8	4	5700
30	8	5	26100
30	8	6	10300
30	8	7	3000
30	8	8	8100
30	8	58	479200
30	8	NA	493000
30	9	2	22400
30	9	3	4900
30	9	4	2600
30	9	5	5700
30	9	6	26100
30	9	7	10300
30	9	8	3000
30	9	9	8100
30	9	59	478000
30	9	NA	492500
30	10	2	1800
30	10	3	22300
30	10	4	4900
30	10	5	2600
30	10	6	5700
30	10	7	26100
30	10	8	10300
30	10	9	3000
30	10	10	8000
30	10	60	475700
30	10	NA	492000
30	11	2	3000
30	11	3	1800
30	11	4	22300
30	11	5	4900
30	11	6	2600
30	11	7	5700
30	11	8	26100
30	11	9	10300
30	11	10	3000
30	11	11	8000
30	11	61	471300
30	11	NA	490900
30	12	2	5500
30	12	3	3000
30	12	4	1800
30	12	5	22100
30	12	6	4900
30	12	7	2600
30	12	8	5700
30	12	9	25900
30	12	10	10200
30	12	11	3000
30	12	12	8000
30	12	62	461700
30	12	NA	487500
30	13	2	13400
30	13	3	5500
30	13	4	3000
30	13	5	1800
30	13	6	22100
30	13	7	4900
30	13	8	2600
30	13	9	5700
30	13	10	25500
30	13	11	10200
30	13	12	2900
30	13	13	7800
30	13	63	458900
30	13	NA	485600
30	14	2	5500
30	14	3	13400
30	14	4	5400
30	14	5	3000
30	14	6	1800
30	14	7	22100
30	14	8	4800
30	14	9	2600
30	14	10	5600
30	14	11	24800
30	14	12	10100
30	14	13	2700
30	14	14	7700
30	14	64	453900
30	14	NA	483300
30	15	2	8700
30	15	3	5500
30	15	4	13400
30	15	5	5400
30	15	6	3000
30	15	7	1800
30	15	8	22100
30	15	9	4800
30	15	10	2600
30	15	11	5600
30	15	12	24600
30	15	13	10100
30	15	14	2700
30	15	15	7700
30	15	65	452100
30	15	NA	482300
30	16	2	3000
30	16	3	8700
30	16	4	5500
30	16	5	13100
30	16	6	5300
30	16	7	3000
30	16	8	1800
30	16	9	21600
30	16	10	4700
30	16	11	2600
30	16	12	5600
30	16	13	24300
30	16	14	9500
30	16	15	2600
30	16	16	7600
30	16	66	438800
30	16	NA	477200
30	17	2	20500
30	17	3	3000
30	17	4	8700
30	17	5	5500
30	17	6	13000
30	17	7	5300
30	17	8	3000
30	17	9	1800
30	17	10	21200
30	17	11	4700
30	17	12	2500
30	17	13	5500
30	17	14	24300
30	17	15	9500
30	17	16	2500
30	17	17	7600
30	17	67	436700
30	17	NA	476500
30	18	2	3600
30	18	3	20400
30	18	4	3000
30	18	5	8700
30	18	6	5500
30	18	7	13000
30	18	8	5300
30	18	9	3000
30	18	10	1800
30	18	11	21000
30	18	12	4700
30	18	13	2500
30	18	14	5500
30	18	15	24200
30	18	16	9500
30	18	17	2500
30	18	18	7600
30	18	68	435000
30	18	NA	475500
30	19	2	3100
30	19	3	3600
30	19	4	20400
30	19	5	3000
30	19	6	8700
30	19	7	5500
30	19	8	13000
30	19	9	5300
30	19	10	3000
30	19	11	1800
30	19	12	20900
30	19	13	4700
30	19	14	2400
30	19	15	5500
30	19	16	24200
30	19	17	9500
30	19	18	2500
30	19	19	7400
30	19	69	433000
30	19	NA	475300
30	20	2	2600
30	20	3	3100
30	20	4	3400
30	20	5	19800
30	20	6	3000
30	20	7	8700
30	20	8	5400
30	20	9	13000
30	20	10	5300
30	20	11	2900
30	20	12	1500
30	20	13	20400
30	20	14	4700
30	20	15	2400
30	20	16	5400
30	20	17	24000
30	20	18	9500
30	20	19	2500
30	20	20	7200
30	20	70	426000
30	20	NA	471000
