run	year	lct	area
1	1	crop	2039500
1	1	grass	222400
1	1	oak	2374600
1	1	pine	1052800
1	1	shrub	829500
1	1	urban	35700
1	1	water	443900
1	2	crop	2037300
1	2	grass	222300
1	2	oak	2370000
1	2	pine	1044800
1	2	shrub	828600
1	2	urban	35700
1	2	water	443900
1	3	crop	2023600
1	3	grass	221400
1	3	oak	2348700
1	3	pine	1019300
1	3	shrub	826400
1	3	urban	35700
1	3	water	443900
1	4	crop	2036500
1	4	grass	222100
1	4	oak	2371200
1	4	pine	1050700
1	4	shrub	829600
1	4	urban	35700
1	4	water	443900
1	5	crop	2038100
1	5	grass	222500
1	5	oak	2368600
1	5	pine	1047200
1	5	shrub	829100
1	5	urban	35700
1	5	water	443900
1	6	crop	2031700
1	6	grass	222300
1	6	oak	2363200
1	6	pine	1038800
1	6	shrub	827400
1	6	urban	35700
1	6	water	443900
1	7	crop	2039000
1	7	grass	222600
1	7	oak	2374100
1	7	pine	1051200
1	7	shrub	829800
1	7	urban	35700
1	7	water	443900
1	8	crop	2029600
1	8	grass	222200
1	8	oak	2363700
1	8	pine	1032300
1	8	shrub	825700
1	8	urban	35700
1	8	water	443900
1	9	crop	2033500
1	9	grass	222400
1	9	oak	2368800
1	9	pine	1041400
1	9	shrub	826500
1	9	urban	35700
1	9	water	443900
1	10	crop	2026500
1	10	grass	222500
1	10	oak	2360900
1	10	pine	1034100
1	10	shrub	823800
1	10	urban	35700
1	10	water	443900
1	11	crop	2033300
1	11	grass	222000
1	11	oak	2366900
1	11	pine	1042600
1	11	shrub	827900
1	11	urban	35700
1	11	water	443900
1	12	crop	2041700
1	12	grass	222600
1	12	oak	2375700
1	12	pine	1052700
1	12	shrub	829600
1	12	urban	35700
1	12	water	443900
1	13	crop	2033900
1	13	grass	222300
1	13	oak	2371800
1	13	pine	1049900
1	13	shrub	827900
1	13	urban	35700
1	13	water	443900
1	14	crop	2037500
1	14	grass	222500
1	14	oak	2373400
1	14	pine	1052500
1	14	shrub	829800
1	14	urban	35700
1	14	water	443900
1	15	crop	2024500
1	15	grass	222500
1	15	oak	2372200
1	15	pine	1041900
1	15	shrub	825300
1	15	urban	35700
1	15	water	443900
1	16	crop	2039600
1	16	grass	222400
1	16	oak	2374600
1	16	pine	1054400
1	16	shrub	830200
1	16	urban	35700
1	16	water	443900
1	17	crop	2036500
1	17	grass	222700
1	17	oak	2376000
1	17	pine	1051000
1	17	shrub	828000
1	17	urban	35700
1	17	water	443900
1	18	crop	2033300
1	18	grass	222600
1	18	oak	2371800
1	18	pine	1044600
1	18	shrub	828100
1	18	urban	35700
1	18	water	443900
1	19	crop	2041100
1	19	grass	222500
1	19	oak	2375900
1	19	pine	1053900
1	19	shrub	830500
1	19	urban	35700
1	19	water	443900
1	20	crop	2032300
1	20	grass	222200
1	20	oak	2366200
1	20	pine	1045000
1	20	shrub	829100
1	20	urban	35700
1	20	water	443900
2	1	crop	2041800
2	1	grass	222800
2	1	oak	2376800
2	1	pine	1054900
2	1	shrub	830500
2	1	urban	35700
2	1	water	443900
2	2	crop	2036300
2	2	grass	222400
2	2	oak	2364900
2	2	pine	1040000
2	2	shrub	827100
2	2	urban	35700
2	2	water	443900
2	3	crop	2035400
2	3	grass	222400
2	3	oak	2366900
2	3	pine	1039300
2	3	shrub	826900
2	3	urban	35700
2	3	water	443900
2	4	crop	2020000
2	4	grass	220500
2	4	oak	2352200
2	4	pine	1035600
2	4	shrub	826200
2	4	urban	35700
2	4	water	443900
2	5	crop	2038000
2	5	grass	222500
2	5	oak	2370200
2	5	pine	1047600
2	5	shrub	829500
2	5	urban	35700
2	5	water	443900
2	6	crop	2038500
2	6	grass	222700
2	6	oak	2372900
2	6	pine	1050200
2	6	shrub	829700
2	6	urban	35700
2	6	water	443900
2	7	crop	2030700
2	7	grass	222000
2	7	oak	2359300
2	7	pine	1034600
2	7	shrub	827200
2	7	urban	35700
2	7	water	443900
2	8	crop	2020900
2	8	grass	221500
2	8	oak	2345300
2	8	pine	1016700
2	8	shrub	823400
2	8	urban	35700
2	8	water	443900
2	9	crop	2038200
2	9	grass	222600
2	9	oak	2371600
2	9	pine	1050500
2	9	shrub	830000
2	9	urban	35700
2	9	water	443900
2	10	crop	2040700
2	10	grass	222800
2	10	oak	2375100
2	10	pine	1052000
2	10	shrub	830100
2	10	urban	35700
2	10	water	443900
2	11	crop	2038900
2	11	grass	222700
2	11	oak	2374600
2	11	pine	1052000
2	11	shrub	829100
2	11	urban	35700
2	11	water	443900
2	12	crop	2032000
2	12	grass	222300
2	12	oak	2363400
2	12	pine	1038600
2	12	shrub	827700
2	12	urban	35700
2	12	water	443900
2	13	crop	2027700
2	13	grass	221800
2	13	oak	2362900
2	13	pine	1037700
2	13	shrub	827300
2	13	urban	35700
2	13	water	443900
2	14	crop	2022100
2	14	grass	220800
2	14	oak	2360300
2	14	pine	1046800
2	14	shrub	826900
2	14	urban	35700
2	14	water	443900
2	15	crop	2035500
2	15	grass	222300
2	15	oak	2367400
2	15	pine	1046600
2	15	shrub	828400
2	15	urban	35700
2	15	water	443900
2	16	crop	2039000
2	16	grass	222500
2	16	oak	2375600
2	16	pine	1052800
2	16	shrub	830300
2	16	urban	35700
2	16	water	443900
2	17	crop	2036500
2	17	grass	222400
2	17	oak	2372500
2	17	pine	1051600
2	17	shrub	830400
2	17	urban	35700
2	17	water	443900
2	18	crop	2039300
2	18	grass	222500
2	18	oak	2375100
2	18	pine	1051200
2	18	shrub	829600
2	18	urban	35700
2	18	water	443900
2	19	crop	2039700
2	19	grass	222500
2	19	oak	2375300
2	19	pine	1054600
2	19	shrub	830200
2	19	urban	35700
2	19	water	443900
2	20	crop	2035700
2	20	grass	222100
2	20	oak	2369200
2	20	pine	1048400
2	20	shrub	830200
2	20	urban	35700
2	20	water	443900
3	1	crop	2038200
3	1	grass	222600
3	1	oak	2372300
3	1	pine	1051000
3	1	shrub	829800
3	1	urban	35700
3	1	water	443900
3	2	crop	2032900
3	2	grass	222400
3	2	oak	2368800
3	2	pine	1046700
3	2	shrub	827700
3	2	urban	35700
3	2	water	443900
3	3	crop	2037200
3	3	grass	222500
3	3	oak	2373100
3	3	pine	1051000
3	3	shrub	829600
3	3	urban	35700
3	3	water	443900
3	4	crop	2034600
3	4	grass	222700
3	4	oak	2372800
3	4	pine	1046400
3	4	shrub	827500
3	4	urban	35700
3	4	water	443900
3	5	crop	2038200
3	5	grass	222300
3	5	oak	2374200
3	5	pine	1053400
3	5	shrub	829900
3	5	urban	35700
3	5	water	443900
3	6	crop	2034300
3	6	grass	222100
3	6	oak	2369900
3	6	pine	1049300
3	6	shrub	829100
3	6	urban	35700
3	6	water	443900
3	7	crop	2038900
3	7	grass	222800
3	7	oak	2375700
3	7	pine	1049300
3	7	shrub	829100
3	7	urban	35700
3	7	water	443900
3	8	crop	2039300
3	8	grass	222100
3	8	oak	2374500
3	8	pine	1051800
3	8	shrub	829300
3	8	urban	35700
3	8	water	443900
3	9	crop	2037900
3	9	grass	222600
3	9	oak	2373200
3	9	pine	1049400
3	9	shrub	828000
3	9	urban	35700
3	9	water	443900
3	10	crop	2036000
3	10	grass	222700
3	10	oak	2373500
3	10	pine	1049300
3	10	shrub	828800
3	10	urban	35700
3	10	water	443900
3	11	crop	2041300
3	11	grass	222700
3	11	oak	2376900
3	11	pine	1053700
3	11	shrub	830400
3	11	urban	35700
3	11	water	443900
3	12	crop	2039600
3	12	grass	222200
3	12	oak	2372600
3	12	pine	1052000
3	12	shrub	829800
3	12	urban	35700
3	12	water	443900
3	13	crop	2034400
3	13	grass	222700
3	13	oak	2370800
3	13	pine	1044700
3	13	shrub	827900
3	13	urban	35700
3	13	water	443900
3	14	crop	2035700
3	14	grass	222500
3	14	oak	2373800
3	14	pine	1052000
3	14	shrub	828900
3	14	urban	35700
3	14	water	443900
3	15	crop	2035000
3	15	grass	222600
3	15	oak	2371700
3	15	pine	1048900
3	15	shrub	829200
3	15	urban	35700
3	15	water	443900
3	16	crop	2036300
3	16	grass	221900
3	16	oak	2371200
3	16	pine	1049500
3	16	shrub	829100
3	16	urban	35700
3	16	water	443900
3	17	crop	2033900
3	17	grass	222300
3	17	oak	2370400
3	17	pine	1043100
3	17	shrub	827000
3	17	urban	35700
3	17	water	443900
3	18	crop	2040400
3	18	grass	222800
3	18	oak	2371400
3	18	pine	1045600
3	18	shrub	829900
3	18	urban	35700
3	18	water	443900
3	19	crop	2036400
3	19	grass	222600
3	19	oak	2375300
3	19	pine	1048200
3	19	shrub	827800
3	19	urban	35700
3	19	water	443900
3	20	crop	2039600
3	20	grass	222800
3	20	oak	2374500
3	20	pine	1051600
3	20	shrub	829500
3	20	urban	35700
3	20	water	443900
4	1	crop	2030000
4	1	grass	222500
4	1	oak	2360800
4	1	pine	1032700
4	1	shrub	827200
4	1	urban	35700
4	1	water	443900
4	2	crop	2038200
4	2	grass	222100
4	2	oak	2371100
4	2	pine	1051300
4	2	shrub	829800
4	2	urban	35700
4	2	water	443900
4	3	crop	2037200
4	3	grass	221800
4	3	oak	2369800
4	3	pine	1048400
4	3	shrub	829600
4	3	urban	35700
4	3	water	443900
4	4	crop	2031100
4	4	grass	222200
4	4	oak	2360300
4	4	pine	1035800
4	4	shrub	828100
4	4	urban	35700
4	4	water	443900
4	5	crop	2034300
4	5	grass	222400
4	5	oak	2372000
4	5	pine	1050200
4	5	shrub	829100
4	5	urban	35700
4	5	water	443900
4	6	crop	2039900
4	6	grass	222600
4	6	oak	2373500
4	6	pine	1052700
4	6	shrub	830100
4	6	urban	35700
4	6	water	443900
4	7	crop	2025600
4	7	grass	222300
4	7	oak	2372400
4	7	pine	1036800
4	7	shrub	822800
4	7	urban	35700
4	7	water	443900
4	8	crop	2034400
4	8	grass	222100
4	8	oak	2373200
4	8	pine	1051800
4	8	shrub	829200
4	8	urban	35700
4	8	water	443900
4	9	crop	2039400
4	9	grass	222400
4	9	oak	2376100
4	9	pine	1052500
4	9	shrub	829900
4	9	urban	35700
4	9	water	443900
4	10	crop	2039900
4	10	grass	222700
4	10	oak	2371700
4	10	pine	1048800
4	10	shrub	830000
4	10	urban	35700
4	10	water	443900
4	11	crop	2033100
4	11	grass	222400
4	11	oak	2371100
4	11	pine	1047300
4	11	shrub	828500
4	11	urban	35700
4	11	water	443900
4	12	crop	2029700
4	12	grass	222600
4	12	oak	2371700
4	12	pine	1042000
4	12	shrub	827900
4	12	urban	35700
4	12	water	443900
4	13	crop	2034000
4	13	grass	222600
4	13	oak	2373900
4	13	pine	1050200
4	13	shrub	828800
4	13	urban	35700
4	13	water	443900
4	14	crop	2029300
4	14	grass	222500
4	14	oak	2375100
4	14	pine	1041600
4	14	shrub	826700
4	14	urban	35700
4	14	water	443900
4	15	crop	2026000
4	15	grass	222600
4	15	oak	2371300
4	15	pine	1042000
4	15	shrub	825100
4	15	urban	35700
4	15	water	443900
4	16	crop	2033600
4	16	grass	222300
4	16	oak	2369100
4	16	pine	1044900
4	16	shrub	826900
4	16	urban	35700
4	16	water	443900
4	17	crop	2021300
4	17	grass	220700
4	17	oak	2357600
4	17	pine	1046900
4	17	shrub	827700
4	17	urban	35700
4	17	water	443900
4	18	crop	2038600
4	18	grass	222800
4	18	oak	2375700
4	18	pine	1052200
4	18	shrub	830000
4	18	urban	35700
4	18	water	443900
4	19	crop	2038700
4	19	grass	222100
4	19	oak	2374000
4	19	pine	1050400
4	19	shrub	830000
4	19	urban	35700
4	19	water	443900
4	20	crop	2035100
4	20	grass	222400
4	20	oak	2365900
4	20	pine	1041800
4	20	shrub	826900
4	20	urban	35700
4	20	water	443900
5	1	crop	2036400
5	1	grass	222500
5	1	oak	2373200
5	1	pine	1052800
5	1	shrub	829000
5	1	urban	35700
5	1	water	443900
5	2	crop	2023100
5	2	grass	222300
5	2	oak	2362900
5	2	pine	1032000
5	2	shrub	823300
5	2	urban	35700
5	2	water	443900
5	3	crop	2037800
5	3	grass	222800
5	3	oak	2372400
5	3	pine	1048900
5	3	shrub	829300
5	3	urban	35700
5	3	water	443900
5	4	crop	2032900
5	4	grass	222600
5	4	oak	2371800
5	4	pine	1044500
5	4	shrub	825800
5	4	urban	35700
5	4	water	443900
5	5	crop	2038000
5	5	grass	222500
5	5	oak	2370600
5	5	pine	1046600
5	5	shrub	829200
5	5	urban	35700
5	5	water	443900
5	6	crop	2039800
5	6	grass	222700
5	6	oak	2374900
5	6	pine	1050500
5	6	shrub	829600
5	6	urban	35700
5	6	water	443900
5	7	crop	2026000
5	7	grass	222500
5	7	oak	2369000
5	7	pine	1037400
5	7	shrub	824500
5	7	urban	35700
5	7	water	443900
5	8	crop	2035700
5	8	grass	222000
5	8	oak	2374000
5	8	pine	1050100
5	8	shrub	829300
5	8	urban	35700
5	8	water	443900
5	9	crop	2040700
5	9	grass	222600
5	9	oak	2374700
5	9	pine	1051900
5	9	shrub	830200
5	9	urban	35700
5	9	water	443900
5	10	crop	2038300
5	10	grass	222800
5	10	oak	2374500
5	10	pine	1049000
5	10	shrub	830000
5	10	urban	35700
5	10	water	443900
5	11	crop	2024300
5	11	grass	222400
5	11	oak	2349800
5	11	pine	1025800
5	11	shrub	825200
5	11	urban	35700
5	11	water	443900
5	12	crop	2041300
5	12	grass	222800
5	12	oak	2377000
5	12	pine	1053800
5	12	shrub	830200
5	12	urban	35700
5	12	water	443900
5	13	crop	2015600
5	13	grass	220900
5	13	oak	2345700
5	13	pine	1010900
5	13	shrub	820700
5	13	urban	35700
5	13	water	443900
5	14	crop	2029600
5	14	grass	222300
5	14	oak	2361100
5	14	pine	1039700
5	14	shrub	827300
5	14	urban	35700
5	14	water	443900
5	15	crop	2040500
5	15	grass	222300
5	15	oak	2375800
5	15	pine	1053100
5	15	shrub	830200
5	15	urban	35700
5	15	water	443900
5	16	crop	2021400
5	16	grass	221600
5	16	oak	2348000
5	16	pine	1018100
5	16	shrub	823000
5	16	urban	35700
5	16	water	443900
5	17	crop	2038600
5	17	grass	222500
5	17	oak	2374100
5	17	pine	1053200
5	17	shrub	829400
5	17	urban	35700
5	17	water	443900
5	18	crop	2028000
5	18	grass	222400
5	18	oak	2363700
5	18	pine	1035700
5	18	shrub	827000
5	18	urban	35700
5	18	water	443900
5	19	crop	2039600
5	19	grass	222700
5	19	oak	2373400
5	19	pine	1051800
5	19	shrub	829700
5	19	urban	35700
5	19	water	443900
5	20	crop	2034800
5	20	grass	222100
5	20	oak	2366900
5	20	pine	1041700
5	20	shrub	826900
5	20	urban	35700
5	20	water	443900
6	1	crop	2038000
6	1	grass	222400
6	1	oak	2369400
6	1	pine	1041500
6	1	shrub	825700
6	1	urban	35700
6	1	water	443900
6	2	crop	2040400
6	2	grass	222800
6	2	oak	2374200
6	2	pine	1051000
6	2	shrub	829900
6	2	urban	35700
6	2	water	443900
6	3	crop	2039100
6	3	grass	222200
6	3	oak	2375700
6	3	pine	1052800
6	3	shrub	829100
6	3	urban	35700
6	3	water	443900
6	4	crop	2040500
6	4	grass	222600
6	4	oak	2374500
6	4	pine	1051300
6	4	shrub	830200
6	4	urban	35700
6	4	water	443900
6	5	crop	2035400
6	5	grass	222000
6	5	oak	2373700
6	5	pine	1051000
6	5	shrub	828500
6	5	urban	35700
6	5	water	443900
6	6	crop	2041600
6	6	grass	222800
6	6	oak	2376500
6	6	pine	1051500
6	6	shrub	830200
6	6	urban	35700
6	6	water	443900
6	7	crop	2035600
6	7	grass	222700
6	7	oak	2374700
6	7	pine	1051000
6	7	shrub	829500
6	7	urban	35700
6	7	water	443900
6	8	crop	2040500
6	8	grass	222800
6	8	oak	2375600
6	8	pine	1051900
6	8	shrub	830500
6	8	urban	35700
6	8	water	443900
6	9	crop	2033700
6	9	grass	222400
6	9	oak	2372600
6	9	pine	1044800
6	9	shrub	827900
6	9	urban	35700
6	9	water	443900
6	10	crop	2038100
6	10	grass	222800
6	10	oak	2372400
6	10	pine	1047400
6	10	shrub	828700
6	10	urban	35700
6	10	water	443900
6	11	crop	2038400
6	11	grass	222400
6	11	oak	2372400
6	11	pine	1050400
6	11	shrub	829400
6	11	urban	35700
6	11	water	443900
6	12	crop	2036400
6	12	grass	222300
6	12	oak	2372800
6	12	pine	1050100
6	12	shrub	830000
6	12	urban	35700
6	12	water	443900
6	13	crop	2027500
6	13	grass	222100
6	13	oak	2369700
6	13	pine	1043200
6	13	shrub	824300
6	13	urban	35700
6	13	water	443900
6	14	crop	2042000
6	14	grass	222800
6	14	oak	2377200
6	14	pine	1054900
6	14	shrub	830600
6	14	urban	35700
6	14	water	443900
6	15	crop	2039100
6	15	grass	222600
6	15	oak	2376400
6	15	pine	1050000
6	15	shrub	829500
6	15	urban	35700
6	15	water	443900
6	16	crop	2040100
6	16	grass	222800
6	16	oak	2374900
6	16	pine	1053000
6	16	shrub	830000
6	16	urban	35700
6	16	water	443900
6	17	crop	2037900
6	17	grass	222100
6	17	oak	2371700
6	17	pine	1050500
6	17	shrub	829700
6	17	urban	35700
6	17	water	443900
6	18	crop	2023300
6	18	grass	222200
6	18	oak	2350600
6	18	pine	1021600
6	18	shrub	823800
6	18	urban	35700
6	18	water	443900
6	19	crop	2030900
6	19	grass	221600
6	19	oak	2366300
6	19	pine	1036900
6	19	shrub	826200
6	19	urban	35700
6	19	water	443900
6	20	crop	2034800
6	20	grass	221700
6	20	oak	2369800
6	20	pine	1048900
6	20	shrub	829300
6	20	urban	35700
6	20	water	443900
7	1	crop	2020100
7	1	grass	222200
7	1	oak	2371700
7	1	pine	1041000
7	1	shrub	823800
7	1	urban	35700
7	1	water	443900
7	2	crop	2037000
7	2	grass	222400
7	2	oak	2373700
7	2	pine	1048400
7	2	shrub	828400
7	2	urban	35700
7	2	water	443900
7	3	crop	2037100
7	3	grass	222700
7	3	oak	2372900
7	3	pine	1047400
7	3	shrub	829300
7	3	urban	35700
7	3	water	443900
7	4	crop	2034200
7	4	grass	222000
7	4	oak	2364800
7	4	pine	1040800
7	4	shrub	827500
7	4	urban	35700
7	4	water	443900
7	5	crop	2039400
7	5	grass	222700
7	5	oak	2374300
7	5	pine	1051800
7	5	shrub	829700
7	5	urban	35700
7	5	water	443900
7	6	crop	2039500
7	6	grass	222700
7	6	oak	2375700
7	6	pine	1053800
7	6	shrub	830300
7	6	urban	35700
7	6	water	443900
7	7	crop	2041600
7	7	grass	222600
7	7	oak	2375500
7	7	pine	1050200
7	7	shrub	829900
7	7	urban	35700
7	7	water	443900
7	8	crop	2037100
7	8	grass	222700
7	8	oak	2373600
7	8	pine	1050600
7	8	shrub	829900
7	8	urban	35700
7	8	water	443900
7	9	crop	2033800
7	9	grass	222200
7	9	oak	2366500
7	9	pine	1046100
7	9	shrub	828300
7	9	urban	35700
7	9	water	443900
7	10	crop	2038400
7	10	grass	222400
7	10	oak	2368900
7	10	pine	1047200
7	10	shrub	829500
7	10	urban	35700
7	10	water	443900
7	11	crop	2035900
7	11	grass	222200
7	11	oak	2372600
7	11	pine	1048500
7	11	shrub	827700
7	11	urban	35700
7	11	water	443900
7	12	crop	2036200
7	12	grass	222400
7	12	oak	2374900
7	12	pine	1050600
7	12	shrub	828700
7	12	urban	35700
7	12	water	443900
7	13	crop	2036700
7	13	grass	222600
7	13	oak	2375800
7	13	pine	1050300
7	13	shrub	828300
7	13	urban	35700
7	13	water	443900
7	14	crop	2038800
7	14	grass	222700
7	14	oak	2374100
7	14	pine	1049200
7	14	shrub	829400
7	14	urban	35700
7	14	water	443900
7	15	crop	2035000
7	15	grass	222300
7	15	oak	2366500
7	15	pine	1042200
7	15	shrub	828400
7	15	urban	35700
7	15	water	443900
7	16	crop	2017900
7	16	grass	220400
7	16	oak	2358500
7	16	pine	1040600
7	16	shrub	827700
7	16	urban	35700
7	16	water	443900
7	17	crop	2033200
7	17	grass	221800
7	17	oak	2369400
7	17	pine	1049800
7	17	shrub	828900
7	17	urban	35700
7	17	water	443900
7	18	crop	2034900
7	18	grass	222400
7	18	oak	2368400
7	18	pine	1044400
7	18	shrub	828500
7	18	urban	35700
7	18	water	443900
7	19	crop	2031400
7	19	grass	221900
7	19	oak	2361800
7	19	pine	1036200
7	19	shrub	827300
7	19	urban	35700
7	19	water	443900
7	20	crop	2035600
7	20	grass	222500
7	20	oak	2368000
7	20	pine	1045300
7	20	shrub	829000
7	20	urban	35700
7	20	water	443900
8	1	crop	2036400
8	1	grass	222300
8	1	oak	2374900
8	1	pine	1051500
8	1	shrub	828900
8	1	urban	35700
8	1	water	443900
8	2	crop	2025100
8	2	grass	221300
8	2	oak	2348600
8	2	pine	1019600
8	2	shrub	825100
8	2	urban	35700
8	2	water	443900
8	3	crop	2035500
8	3	grass	222100
8	3	oak	2367700
8	3	pine	1043400
8	3	shrub	828500
8	3	urban	35700
8	3	water	443900
8	4	crop	2036600
8	4	grass	222500
8	4	oak	2375200
8	4	pine	1051500
8	4	shrub	828900
8	4	urban	35700
8	4	water	443900
8	5	crop	2038300
8	5	grass	222800
8	5	oak	2376000
8	5	pine	1050200
8	5	shrub	829000
8	5	urban	35700
8	5	water	443900
8	6	crop	2040700
8	6	grass	222600
8	6	oak	2376400
8	6	pine	1054800
8	6	shrub	830700
8	6	urban	35700
8	6	water	443900
8	7	crop	2036100
8	7	grass	222300
8	7	oak	2369300
8	7	pine	1045300
8	7	shrub	828500
8	7	urban	35700
8	7	water	443900
8	8	crop	2039300
8	8	grass	222600
8	8	oak	2374300
8	8	pine	1052600
8	8	shrub	829900
8	8	urban	35700
8	8	water	443900
8	9	crop	2033400
8	9	grass	222000
8	9	oak	2370100
8	9	pine	1047300
8	9	shrub	827900
8	9	urban	35700
8	9	water	443900
8	10	crop	2038900
8	10	grass	222400
8	10	oak	2374300
8	10	pine	1053100
8	10	shrub	830100
8	10	urban	35700
8	10	water	443900
8	11	crop	2039500
8	11	grass	222700
8	11	oak	2375600
8	11	pine	1053900
8	11	shrub	830300
8	11	urban	35700
8	11	water	443900
8	12	crop	2041100
8	12	grass	222800
8	12	oak	2374000
8	12	pine	1050600
8	12	shrub	829900
8	12	urban	35700
8	12	water	443900
8	13	crop	2037100
8	13	grass	222000
8	13	oak	2372200
8	13	pine	1049600
8	13	shrub	829100
8	13	urban	35700
8	13	water	443900
8	14	crop	2024700
8	14	grass	221100
8	14	oak	2363600
8	14	pine	1044100
8	14	shrub	827000
8	14	urban	35700
8	14	water	443900
8	15	crop	2037600
8	15	grass	221900
8	15	oak	2373200
8	15	pine	1051700
8	15	shrub	829900
8	15	urban	35700
8	15	water	443900
8	16	crop	2037000
8	16	grass	222100
8	16	oak	2370900
8	16	pine	1047600
8	16	shrub	829400
8	16	urban	35700
8	16	water	443900
8	17	crop	2036700
8	17	grass	222500
8	17	oak	2371200
8	17	pine	1044400
8	17	shrub	828400
8	17	urban	35700
8	17	water	443900
8	18	crop	2040600
8	18	grass	222600
8	18	oak	2376000
8	18	pine	1052800
8	18	shrub	830500
8	18	urban	35700
8	18	water	443900
8	19	crop	2039900
8	19	grass	222200
8	19	oak	2373900
8	19	pine	1053600
8	19	shrub	829600
8	19	urban	35700
8	19	water	443900
8	20	crop	2033400
8	20	grass	222400
8	20	oak	2369600
8	20	pine	1045200
8	20	shrub	828000
8	20	urban	35700
8	20	water	443900
9	1	crop	2036600
9	1	grass	222100
9	1	oak	2372200
9	1	pine	1052600
9	1	shrub	829500
9	1	urban	35700
9	1	water	443900
9	2	crop	2036100
9	2	grass	222100
9	2	oak	2372700
9	2	pine	1051600
9	2	shrub	829200
9	2	urban	35700
9	2	water	443900
9	3	crop	2026800
9	3	grass	222600
9	3	oak	2367000
9	3	pine	1031200
9	3	shrub	825200
9	3	urban	35700
9	3	water	443900
9	4	crop	2038300
9	4	grass	222600
9	4	oak	2374900
9	4	pine	1050400
9	4	shrub	829900
9	4	urban	35700
9	4	water	443900
9	5	crop	2036500
9	5	grass	222400
9	5	oak	2371800
9	5	pine	1050800
9	5	shrub	829800
9	5	urban	35700
9	5	water	443900
9	6	crop	2037600
9	6	grass	222800
9	6	oak	2375200
9	6	pine	1051900
9	6	shrub	829800
9	6	urban	35700
9	6	water	443900
9	7	crop	2039900
9	7	grass	222700
9	7	oak	2373700
9	7	pine	1052100
9	7	shrub	830000
9	7	urban	35700
9	7	water	443900
9	8	crop	2037800
9	8	grass	222500
9	8	oak	2375000
9	8	pine	1048000
9	8	shrub	828900
9	8	urban	35700
9	8	water	443900
9	9	crop	2037400
9	9	grass	222300
9	9	oak	2372400
9	9	pine	1050500
9	9	shrub	829100
9	9	urban	35700
9	9	water	443900
9	10	crop	2040800
9	10	grass	222800
9	10	oak	2375800
9	10	pine	1052900
9	10	shrub	830700
9	10	urban	35700
9	10	water	443900
9	11	crop	2035300
9	11	grass	222000
9	11	oak	2373400
9	11	pine	1048700
9	11	shrub	829500
9	11	urban	35700
9	11	water	443900
9	12	crop	2033900
9	12	grass	222400
9	12	oak	2371100
9	12	pine	1047700
9	12	shrub	828300
9	12	urban	35700
9	12	water	443900
9	13	crop	2033700
9	13	grass	222000
9	13	oak	2367600
9	13	pine	1046900
9	13	shrub	829000
9	13	urban	35700
9	13	water	443900
9	14	crop	2031900
9	14	grass	222000
9	14	oak	2368600
9	14	pine	1043700
9	14	shrub	827800
9	14	urban	35700
9	14	water	443900
9	15	crop	2035600
9	15	grass	222500
9	15	oak	2374000
9	15	pine	1047900
9	15	shrub	827400
9	15	urban	35700
9	15	water	443900
9	16	crop	2031200
9	16	grass	222300
9	16	oak	2365600
9	16	pine	1039000
9	16	shrub	827200
9	16	urban	35700
9	16	water	443900
9	17	crop	2040000
9	17	grass	222300
9	17	oak	2373900
9	17	pine	1052400
9	17	shrub	829800
9	17	urban	35700
9	17	water	443900
9	18	crop	2037400
9	18	grass	222600
9	18	oak	2371100
9	18	pine	1044500
9	18	shrub	829400
9	18	urban	35700
9	18	water	443900
9	19	crop	2040600
9	19	grass	222700
9	19	oak	2375100
9	19	pine	1049400
9	19	shrub	829700
9	19	urban	35700
9	19	water	443900
9	20	crop	2037100
9	20	grass	222400
9	20	oak	2373200
9	20	pine	1052200
9	20	shrub	829500
9	20	urban	35700
9	20	water	443900
10	1	crop	2014300
10	1	grass	219700
10	1	oak	2353100
10	1	pine	1029000
10	1	shrub	822700
10	1	urban	35700
10	1	water	443900
10	2	crop	2031200
10	2	grass	222500
10	2	oak	2372500
10	2	pine	1046400
10	2	shrub	828000
10	2	urban	35700
10	2	water	443900
10	3	crop	2034500
10	3	grass	222200
10	3	oak	2372400
10	3	pine	1051300
10	3	shrub	829700
10	3	urban	35700
10	3	water	443900
10	4	crop	2038200
10	4	grass	222100
10	4	oak	2371200
10	4	pine	1051000
10	4	shrub	829600
10	4	urban	35700
10	4	water	443900
10	5	crop	2035200
10	5	grass	222200
10	5	oak	2368700
10	5	pine	1046700
10	5	shrub	829000
10	5	urban	35700
10	5	water	443900
10	6	crop	2036700
10	6	grass	222400
10	6	oak	2371800
10	6	pine	1047600
10	6	shrub	827500
10	6	urban	35700
10	6	water	443900
10	7	crop	2040700
10	7	grass	222600
10	7	oak	2375800
10	7	pine	1053400
10	7	shrub	830200
10	7	urban	35700
10	7	water	443900
10	8	crop	2035600
10	8	grass	222500
10	8	oak	2372600
10	8	pine	1048500
10	8	shrub	829600
10	8	urban	35700
10	8	water	443900
10	9	crop	2032400
10	9	grass	222300
10	9	oak	2370000
10	9	pine	1050200
10	9	shrub	828900
10	9	urban	35700
10	9	water	443900
10	10	crop	2036900
10	10	grass	222300
10	10	oak	2373600
10	10	pine	1047700
10	10	shrub	829300
10	10	urban	35700
10	10	water	443900
10	11	crop	2030800
10	11	grass	222400
10	11	oak	2369900
10	11	pine	1045100
10	11	shrub	826100
10	11	urban	35700
10	11	water	443900
10	12	crop	2041500
10	12	grass	222600
10	12	oak	2374700
10	12	pine	1052100
10	12	shrub	830000
10	12	urban	35700
10	12	water	443900
10	13	crop	2042300
10	13	grass	222800
10	13	oak	2376900
10	13	pine	1055000
10	13	shrub	830500
10	13	urban	35700
10	13	water	443900
10	14	crop	2024900
10	14	grass	222300
10	14	oak	2368300
10	14	pine	1038600
10	14	shrub	824200
10	14	urban	35700
10	14	water	443900
10	15	crop	2020400
10	15	grass	222700
10	15	oak	2361800
10	15	pine	1026800
10	15	shrub	821800
10	15	urban	35700
10	15	water	443900
10	16	crop	2034100
10	16	grass	222400
10	16	oak	2370100
10	16	pine	1047600
10	16	shrub	828500
10	16	urban	35700
10	16	water	443900
10	17	crop	2024800
10	17	grass	221900
10	17	oak	2359000
10	17	pine	1033700
10	17	shrub	827200
10	17	urban	35700
10	17	water	443900
10	18	crop	2024600
10	18	grass	221900
10	18	oak	2368100
10	18	pine	1041700
10	18	shrub	825400
10	18	urban	35700
10	18	water	443900
10	19	crop	2039500
10	19	grass	222700
10	19	oak	2375100
10	19	pine	1053500
10	19	shrub	830000
10	19	urban	35700
10	19	water	443900
10	20	crop	2040500
10	20	grass	222500
10	20	oak	2374900
10	20	pine	1053200
10	20	shrub	830200
10	20	urban	35700
10	20	water	443900
11	1	crop	2040000
11	1	grass	222800
11	1	oak	2374600
11	1	pine	1052000
11	1	shrub	830100
11	1	urban	35700
11	1	water	443900
11	2	crop	2040700
11	2	grass	222800
11	2	oak	2376300
11	2	pine	1052900
11	2	shrub	829900
11	2	urban	35700
11	2	water	443900
11	3	crop	2037800
11	3	grass	222400
11	3	oak	2373400
11	3	pine	1050700
11	3	shrub	829700
11	3	urban	35700
11	3	water	443900
11	4	crop	2029500
11	4	grass	221800
11	4	oak	2370500
11	4	pine	1048200
11	4	shrub	827600
11	4	urban	35700
11	4	water	443900
11	5	crop	2037400
11	5	grass	222400
11	5	oak	2373400
11	5	pine	1050800
11	5	shrub	830400
11	5	urban	35700
11	5	water	443900
11	6	crop	2038500
11	6	grass	222700
11	6	oak	2372600
11	6	pine	1050900
11	6	shrub	829200
11	6	urban	35700
11	6	water	443900
11	7	crop	2033900
11	7	grass	221900
11	7	oak	2366100
11	7	pine	1040900
11	7	shrub	827700
11	7	urban	35700
11	7	water	443900
11	8	crop	2036200
11	8	grass	222500
11	8	oak	2368000
11	8	pine	1044000
11	8	shrub	828900
11	8	urban	35700
11	8	water	443900
11	9	crop	2040000
11	9	grass	222700
11	9	oak	2374700
11	9	pine	1052600
11	9	shrub	830200
11	9	urban	35700
11	9	water	443900
11	10	crop	2038800
11	10	grass	222700
11	10	oak	2375000
11	10	pine	1052600
11	10	shrub	829900
11	10	urban	35700
11	10	water	443900
11	11	crop	2042000
11	11	grass	222800
11	11	oak	2377400
11	11	pine	1053800
11	11	shrub	830500
11	11	urban	35700
11	11	water	443900
11	12	crop	2030800
11	12	grass	222400
11	12	oak	2362400
11	12	pine	1040500
11	12	shrub	827300
11	12	urban	35700
11	12	water	443900
11	13	crop	2040700
11	13	grass	222600
11	13	oak	2375300
11	13	pine	1052700
11	13	shrub	830300
11	13	urban	35700
11	13	water	443900
11	14	crop	2041000
11	14	grass	222700
11	14	oak	2375600
11	14	pine	1052900
11	14	shrub	830600
11	14	urban	35700
11	14	water	443900
11	15	crop	2041000
11	15	grass	222800
11	15	oak	2376600
11	15	pine	1053600
11	15	shrub	829700
11	15	urban	35700
11	15	water	443900
11	16	crop	2033900
11	16	grass	222500
11	16	oak	2369800
11	16	pine	1042100
11	16	shrub	827200
11	16	urban	35700
11	16	water	443900
11	17	crop	2033100
11	17	grass	222400
11	17	oak	2366100
11	17	pine	1048200
11	17	shrub	829000
11	17	urban	35700
11	17	water	443900
11	18	crop	2037300
11	18	grass	222300
11	18	oak	2374600
11	18	pine	1047500
11	18	shrub	828700
11	18	urban	35700
11	18	water	443900
11	19	crop	2039700
11	19	grass	222500
11	19	oak	2372800
11	19	pine	1047000
11	19	shrub	829400
11	19	urban	35700
11	19	water	443900
11	20	crop	2038600
11	20	grass	222700
11	20	oak	2371500
11	20	pine	1045800
11	20	shrub	828900
11	20	urban	35700
11	20	water	443900
12	1	crop	2029100
12	1	grass	222700
12	1	oak	2375200
12	1	pine	1042300
12	1	shrub	825000
12	1	urban	35700
12	1	water	443900
12	2	crop	2038300
12	2	grass	222600
12	2	oak	2374000
12	2	pine	1048500
12	2	shrub	829000
12	2	urban	35700
12	2	water	443900
12	3	crop	2040400
12	3	grass	222600
12	3	oak	2374600
12	3	pine	1051800
12	3	shrub	830300
12	3	urban	35700
12	3	water	443900
12	4	crop	2026600
12	4	grass	222700
12	4	oak	2370000
12	4	pine	1038700
12	4	shrub	824800
12	4	urban	35700
12	4	water	443900
12	5	crop	2039900
12	5	grass	222800
12	5	oak	2376000
12	5	pine	1054400
12	5	shrub	830400
12	5	urban	35700
12	5	water	443900
12	6	crop	2035800
12	6	grass	222000
12	6	oak	2371300
12	6	pine	1051700
12	6	shrub	829400
12	6	urban	35700
12	6	water	443900
12	7	crop	2038900
12	7	grass	222700
12	7	oak	2374300
12	7	pine	1052200
12	7	shrub	829200
12	7	urban	35700
12	7	water	443900
12	8	crop	2031400
12	8	grass	222100
12	8	oak	2366500
12	8	pine	1043900
12	8	shrub	828800
12	8	urban	35700
12	8	water	443900
12	9	crop	2020600
12	9	grass	221500
12	9	oak	2342900
12	9	pine	1018200
12	9	shrub	824700
12	9	urban	35700
12	9	water	443900
12	10	crop	2034900
12	10	grass	222000
12	10	oak	2369400
12	10	pine	1049600
12	10	shrub	829000
12	10	urban	35700
12	10	water	443900
12	11	crop	2037800
12	11	grass	222700
12	11	oak	2374700
12	11	pine	1051400
12	11	shrub	829000
12	11	urban	35700
12	11	water	443900
12	12	crop	2037500
12	12	grass	222600
12	12	oak	2371300
12	12	pine	1046200
12	12	shrub	828800
12	12	urban	35700
12	12	water	443900
12	13	crop	2042100
12	13	grass	222700
12	13	oak	2376400
12	13	pine	1054700
12	13	shrub	830100
12	13	urban	35700
12	13	water	443900
12	14	crop	2034300
12	14	grass	221600
12	14	oak	2372900
12	14	pine	1051400
12	14	shrub	828900
12	14	urban	35700
12	14	water	443900
12	15	crop	2038300
12	15	grass	222600
12	15	oak	2376000
12	15	pine	1050700
12	15	shrub	829400
12	15	urban	35700
12	15	water	443900
12	16	crop	2038400
12	16	grass	222400
12	16	oak	2373200
12	16	pine	1052900
12	16	shrub	830200
12	16	urban	35700
12	16	water	443900
12	17	crop	2037900
12	17	grass	222500
12	17	oak	2374600
12	17	pine	1052000
12	17	shrub	829300
12	17	urban	35700
12	17	water	443900
12	18	crop	2041800
12	18	grass	222600
12	18	oak	2376300
12	18	pine	1054200
12	18	shrub	830500
12	18	urban	35700
12	18	water	443900
12	19	crop	2040000
12	19	grass	222700
12	19	oak	2376200
12	19	pine	1050900
12	19	shrub	829300
12	19	urban	35700
12	19	water	443900
12	20	crop	2040200
12	20	grass	222700
12	20	oak	2373400
12	20	pine	1051200
12	20	shrub	830400
12	20	urban	35700
12	20	water	443900
13	1	crop	2035400
13	1	grass	222200
13	1	oak	2374300
13	1	pine	1050600
13	1	shrub	829300
13	1	urban	35700
13	1	water	443900
13	2	crop	2033800
13	2	grass	222500
13	2	oak	2369400
13	2	pine	1045800
13	2	shrub	828700
13	2	urban	35700
13	2	water	443900
13	3	crop	2040900
13	3	grass	222600
13	3	oak	2374100
13	3	pine	1051900
13	3	shrub	830100
13	3	urban	35700
13	3	water	443900
13	4	crop	2029800
13	4	grass	222400
13	4	oak	2369100
13	4	pine	1045300
13	4	shrub	826800
13	4	urban	35700
13	4	water	443900
13	5	crop	2034900
13	5	grass	222100
13	5	oak	2370500
13	5	pine	1047800
13	5	shrub	827900
13	5	urban	35700
13	5	water	443900
13	6	crop	2040100
13	6	grass	222600
13	6	oak	2375000
13	6	pine	1053300
13	6	shrub	829800
13	6	urban	35700
13	6	water	443900
13	7	crop	2038700
13	7	grass	222500
13	7	oak	2374500
13	7	pine	1049800
13	7	shrub	829400
13	7	urban	35700
13	7	water	443900
13	8	crop	2036200
13	8	grass	222800
13	8	oak	2376500
13	8	pine	1051100
13	8	shrub	828800
13	8	urban	35700
13	8	water	443900
13	9	crop	2028700
13	9	grass	222500
13	9	oak	2372500
13	9	pine	1045800
13	9	shrub	826700
13	9	urban	35700
13	9	water	443900
13	10	crop	2022800
13	10	grass	222400
13	10	oak	2365900
13	10	pine	1037200
13	10	shrub	824600
13	10	urban	35700
13	10	water	443900
13	11	crop	2041300
13	11	grass	222700
13	11	oak	2376500
13	11	pine	1053900
13	11	shrub	830100
13	11	urban	35700
13	11	water	443900
13	12	crop	2039200
13	12	grass	222400
13	12	oak	2374300
13	12	pine	1051600
13	12	shrub	829400
13	12	urban	35700
13	12	water	443900
13	13	crop	2039300
13	13	grass	222500
13	13	oak	2374600
13	13	pine	1052400
13	13	shrub	830000
13	13	urban	35700
13	13	water	443900
13	14	crop	2034700
13	14	grass	222100
13	14	oak	2368200
13	14	pine	1040500
13	14	shrub	826700
13	14	urban	35700
13	14	water	443900
13	15	crop	2035100
13	15	grass	222400
13	15	oak	2371300
13	15	pine	1049900
13	15	shrub	828200
13	15	urban	35700
13	15	water	443900
13	16	crop	2038200
13	16	grass	222700
13	16	oak	2376000
13	16	pine	1050200
13	16	shrub	828800
13	16	urban	35700
13	16	water	443900
13	17	crop	2039400
13	17	grass	222600
13	17	oak	2373700
13	17	pine	1053500
13	17	shrub	830200
13	17	urban	35700
13	17	water	443900
13	18	crop	2022000
13	18	grass	221400
13	18	oak	2352100
13	18	pine	1020500
13	18	shrub	822300
13	18	urban	35700
13	18	water	443900
13	19	crop	2041100
13	19	grass	222700
13	19	oak	2376600
13	19	pine	1051800
13	19	shrub	830500
13	19	urban	35700
13	19	water	443900
13	20	crop	2038600
13	20	grass	222400
13	20	oak	2374000
13	20	pine	1051400
13	20	shrub	829400
13	20	urban	35700
13	20	water	443900
14	1	crop	2032800
14	1	grass	222200
14	1	oak	2370900
14	1	pine	1051200
14	1	shrub	829100
14	1	urban	35700
14	1	water	443900
14	2	crop	2035900
14	2	grass	222500
14	2	oak	2372700
14	2	pine	1051000
14	2	shrub	828400
14	2	urban	35700
14	2	water	443900
14	3	crop	2035300
14	3	grass	222300
14	3	oak	2373500
14	3	pine	1049900
14	3	shrub	829000
14	3	urban	35700
14	3	water	443900
14	4	crop	2032400
14	4	grass	222100
14	4	oak	2366700
14	4	pine	1041700
14	4	shrub	828800
14	4	urban	35700
14	4	water	443900
14	5	crop	2036000
14	5	grass	222600
14	5	oak	2375300
14	5	pine	1051600
14	5	shrub	829900
14	5	urban	35700
14	5	water	443900
14	6	crop	2028400
14	6	grass	222800
14	6	oak	2372900
14	6	pine	1042300
14	6	shrub	825100
14	6	urban	35700
14	6	water	443900
14	7	crop	2013100
14	7	grass	221300
14	7	oak	2341200
14	7	pine	1010300
14	7	shrub	822500
14	7	urban	35700
14	7	water	443900
14	8	crop	2037100
14	8	grass	222600
14	8	oak	2373700
14	8	pine	1049100
14	8	shrub	829000
14	8	urban	35700
14	8	water	443900
14	9	crop	2038300
14	9	grass	222300
14	9	oak	2374400
14	9	pine	1052400
14	9	shrub	830500
14	9	urban	35700
14	9	water	443900
14	10	crop	2038500
14	10	grass	222800
14	10	oak	2375600
14	10	pine	1051000
14	10	shrub	828900
14	10	urban	35700
14	10	water	443900
14	11	crop	2018300
14	11	grass	221500
14	11	oak	2344000
14	11	pine	1020400
14	11	shrub	822100
14	11	urban	35700
14	11	water	443900
14	12	crop	2034800
14	12	grass	222400
14	12	oak	2372900
14	12	pine	1051700
14	12	shrub	829100
14	12	urban	35700
14	12	water	443900
14	13	crop	2024900
14	13	grass	222300
14	13	oak	2372800
14	13	pine	1041800
14	13	shrub	824200
14	13	urban	35700
14	13	water	443900
14	14	crop	2026100
14	14	grass	222400
14	14	oak	2372000
14	14	pine	1042800
14	14	shrub	825200
14	14	urban	35700
14	14	water	443900
14	15	crop	2034200
14	15	grass	222300
14	15	oak	2367000
14	15	pine	1046900
14	15	shrub	828300
14	15	urban	35700
14	15	water	443900
14	16	crop	2035400
14	16	grass	222100
14	16	oak	2375000
14	16	pine	1048800
14	16	shrub	828900
14	16	urban	35700
14	16	water	443900
14	17	crop	2037400
14	17	grass	222500
14	17	oak	2372900
14	17	pine	1047000
14	17	shrub	828400
14	17	urban	35700
14	17	water	443900
14	18	crop	2034200
14	18	grass	222200
14	18	oak	2371100
14	18	pine	1047200
14	18	shrub	828700
14	18	urban	35700
14	18	water	443900
14	19	crop	2029200
14	19	grass	222100
14	19	oak	2370500
14	19	pine	1047900
14	19	shrub	829000
14	19	urban	35700
14	19	water	443900
14	20	crop	2025800
14	20	grass	222700
14	20	oak	2374800
14	20	pine	1045100
14	20	shrub	823800
14	20	urban	35700
14	20	water	443900
15	1	crop	2034600
15	1	grass	222400
15	1	oak	2368100
15	1	pine	1041300
15	1	shrub	826400
15	1	urban	35700
15	1	water	443900
15	2	crop	2029700
15	2	grass	222500
15	2	oak	2374300
15	2	pine	1045200
15	2	shrub	827400
15	2	urban	35700
15	2	water	443900
15	3	crop	2041100
15	3	grass	222800
15	3	oak	2376600
15	3	pine	1052900
15	3	shrub	830200
15	3	urban	35700
15	3	water	443900
15	4	crop	2041100
15	4	grass	222600
15	4	oak	2375400
15	4	pine	1052000
15	4	shrub	829300
15	4	urban	35700
15	4	water	443900
15	5	crop	2041100
15	5	grass	222400
15	5	oak	2374700
15	5	pine	1051400
15	5	shrub	830200
15	5	urban	35700
15	5	water	443900
15	6	crop	2038600
15	6	grass	222800
15	6	oak	2374600
15	6	pine	1052100
15	6	shrub	830100
15	6	urban	35700
15	6	water	443900
15	7	crop	2039000
15	7	grass	222200
15	7	oak	2372900
15	7	pine	1050000
15	7	shrub	829200
15	7	urban	35700
15	7	water	443900
15	8	crop	2037100
15	8	grass	222100
15	8	oak	2370900
15	8	pine	1052000
15	8	shrub	829300
15	8	urban	35700
15	8	water	443900
15	9	crop	2031100
15	9	grass	222000
15	9	oak	2370100
15	9	pine	1046800
15	9	shrub	827700
15	9	urban	35700
15	9	water	443900
15	10	crop	2041100
15	10	grass	222700
15	10	oak	2375000
15	10	pine	1051900
15	10	shrub	830100
15	10	urban	35700
15	10	water	443900
15	11	crop	2040400
15	11	grass	222700
15	11	oak	2375000
15	11	pine	1052000
15	11	shrub	830600
15	11	urban	35700
15	11	water	443900
15	12	crop	2039000
15	12	grass	222800
15	12	oak	2376200
15	12	pine	1053100
15	12	shrub	829500
15	12	urban	35700
15	12	water	443900
15	13	crop	2007600
15	13	grass	221900
15	13	oak	2346300
15	13	pine	1013000
15	13	shrub	822100
15	13	urban	35700
15	13	water	443900
15	14	crop	2036900
15	14	grass	222100
15	14	oak	2373200
15	14	pine	1050700
15	14	shrub	829500
15	14	urban	35700
15	14	water	443900
15	15	crop	2035400
15	15	grass	222300
15	15	oak	2370800
15	15	pine	1045100
15	15	shrub	828500
15	15	urban	35700
15	15	water	443900
15	16	crop	2038400
15	16	grass	222200
15	16	oak	2373400
15	16	pine	1048500
15	16	shrub	830000
15	16	urban	35700
15	16	water	443900
15	17	crop	2036400
15	17	grass	222400
15	17	oak	2372300
15	17	pine	1052200
15	17	shrub	829500
15	17	urban	35700
15	17	water	443900
15	18	crop	2032700
15	18	grass	222800
15	18	oak	2372700
15	18	pine	1042100
15	18	shrub	826500
15	18	urban	35700
15	18	water	443900
15	19	crop	2036000
15	19	grass	222500
15	19	oak	2365700
15	19	pine	1040400
15	19	shrub	828500
15	19	urban	35700
15	19	water	443900
15	20	crop	2037300
15	20	grass	222600
15	20	oak	2374100
15	20	pine	1050200
15	20	shrub	829500
15	20	urban	35700
15	20	water	443900
16	1	crop	2029500
16	1	grass	222100
16	1	oak	2369600
16	1	pine	1048800
16	1	shrub	827800
16	1	urban	35700
16	1	water	443900
16	2	crop	2022800
16	2	grass	222300
16	2	oak	2347200
16	2	pine	1019200
16	2	shrub	820400
16	2	urban	35700
16	2	water	443900
16	3	crop	2038600
16	3	grass	222600
16	3	oak	2374500
16	3	pine	1050200
16	3	shrub	829100
16	3	urban	35700
16	3	water	443900
16	4	crop	2037800
16	4	grass	222400
16	4	oak	2369800
16	4	pine	1047100
16	4	shrub	829300
16	4	urban	35700
16	4	water	443900
16	5	crop	2018500
16	5	grass	220900
16	5	oak	2354500
16	5	pine	1040900
16	5	shrub	826800
16	5	urban	35700
16	5	water	443900
16	6	crop	2035100
16	6	grass	222000
16	6	oak	2369100
16	6	pine	1046300
16	6	shrub	828000
16	6	urban	35700
16	6	water	443900
16	7	crop	2027400
16	7	grass	222300
16	7	oak	2368600
16	7	pine	1039500
16	7	shrub	824900
16	7	urban	35700
16	7	water	443900
16	8	crop	2034500
16	8	grass	222400
16	8	oak	2369900
16	8	pine	1048000
16	8	shrub	827700
16	8	urban	35700
16	8	water	443900
16	9	crop	2036100
16	9	grass	222300
16	9	oak	2367600
16	9	pine	1044500
16	9	shrub	828200
16	9	urban	35700
16	9	water	443900
16	10	crop	2031000
16	10	grass	221800
16	10	oak	2365600
16	10	pine	1044500
16	10	shrub	828100
16	10	urban	35700
16	10	water	443900
16	11	crop	2029900
16	11	grass	222700
16	11	oak	2375000
16	11	pine	1043300
16	11	shrub	825200
16	11	urban	35700
16	11	water	443900
16	12	crop	2034800
16	12	grass	222300
16	12	oak	2367500
16	12	pine	1041400
16	12	shrub	827000
16	12	urban	35700
16	12	water	443900
16	13	crop	2036500
16	13	grass	222200
16	13	oak	2370200
16	13	pine	1050900
16	13	shrub	829100
16	13	urban	35700
16	13	water	443900
16	14	crop	2036400
16	14	grass	222500
16	14	oak	2368600
16	14	pine	1045500
16	14	shrub	829200
16	14	urban	35700
16	14	water	443900
16	15	crop	2037800
16	15	grass	222700
16	15	oak	2376800
16	15	pine	1052700
16	15	shrub	829600
16	15	urban	35700
16	15	water	443900
16	16	crop	2034700
16	16	grass	222800
16	16	oak	2368600
16	16	pine	1044100
16	16	shrub	828500
16	16	urban	35700
16	16	water	443900
16	17	crop	2022400
16	17	grass	221300
16	17	oak	2362800
16	17	pine	1043100
16	17	shrub	828100
16	17	urban	35700
16	17	water	443900
16	18	crop	2039800
16	18	grass	222700
16	18	oak	2374600
16	18	pine	1051800
16	18	shrub	830500
16	18	urban	35700
16	18	water	443900
16	19	crop	2021300
16	19	grass	222500
16	19	oak	2359800
16	19	pine	1031000
16	19	shrub	822000
16	19	urban	35700
16	19	water	443900
16	20	crop	2036200
16	20	grass	222100
16	20	oak	2370500
16	20	pine	1050600
16	20	shrub	829200
16	20	urban	35700
16	20	water	443900
17	1	crop	2038900
17	1	grass	222700
17	1	oak	2374400
17	1	pine	1053700
17	1	shrub	830000
17	1	urban	35700
17	1	water	443900
17	2	crop	2036400
17	2	grass	222400
17	2	oak	2369500
17	2	pine	1044000
17	2	shrub	829100
17	2	urban	35700
17	2	water	443900
17	3	crop	2023200
17	3	grass	222000
17	3	oak	2350800
17	3	pine	1015400
17	3	shrub	823200
17	3	urban	35700
17	3	water	443900
17	4	crop	2038000
17	4	grass	222200
17	4	oak	2374000
17	4	pine	1051700
17	4	shrub	829700
17	4	urban	35700
17	4	water	443900
17	5	crop	2040100
17	5	grass	222700
17	5	oak	2376300
17	5	pine	1054100
17	5	shrub	830100
17	5	urban	35700
17	5	water	443900
17	6	crop	2038500
17	6	grass	222400
17	6	oak	2371000
17	6	pine	1051000
17	6	shrub	829400
17	6	urban	35700
17	6	water	443900
17	7	crop	2039500
17	7	grass	222800
17	7	oak	2376500
17	7	pine	1053100
17	7	shrub	829500
17	7	urban	35700
17	7	water	443900
17	8	crop	2037900
17	8	grass	222400
17	8	oak	2375100
17	8	pine	1053600
17	8	shrub	829400
17	8	urban	35700
17	8	water	443900
17	9	crop	2033700
17	9	grass	222400
17	9	oak	2368100
17	9	pine	1041400
17	9	shrub	827500
17	9	urban	35700
17	9	water	443900
17	10	crop	2033700
17	10	grass	221800
17	10	oak	2362000
17	10	pine	1034700
17	10	shrub	827200
17	10	urban	35700
17	10	water	443900
17	11	crop	2038500
17	11	grass	222600
17	11	oak	2374500
17	11	pine	1051900
17	11	shrub	829000
17	11	urban	35700
17	11	water	443900
17	12	crop	2039900
17	12	grass	222600
17	12	oak	2373700
17	12	pine	1053500
17	12	shrub	830000
17	12	urban	35700
17	12	water	443900
17	13	crop	2034200
17	13	grass	222200
17	13	oak	2367100
17	13	pine	1046100
17	13	shrub	828300
17	13	urban	35700
17	13	water	443900
17	14	crop	2033700
17	14	grass	222500
17	14	oak	2375400
17	14	pine	1048900
17	14	shrub	827700
17	14	urban	35700
17	14	water	443900
17	15	crop	2039900
17	15	grass	222800
17	15	oak	2374800
17	15	pine	1050400
17	15	shrub	829300
17	15	urban	35700
17	15	water	443900
17	16	crop	2031600
17	16	grass	221900
17	16	oak	2360300
17	16	pine	1032800
17	16	shrub	825900
17	16	urban	35700
17	16	water	443900
17	17	crop	2039200
17	17	grass	222700
17	17	oak	2373400
17	17	pine	1050700
17	17	shrub	829000
17	17	urban	35700
17	17	water	443900
17	18	crop	2024500
17	18	grass	222000
17	18	oak	2367700
17	18	pine	1036700
17	18	shrub	823300
17	18	urban	35700
17	18	water	443900
17	19	crop	2017900
17	19	grass	221700
17	19	oak	2345700
17	19	pine	1021600
17	19	shrub	823300
17	19	urban	35700
17	19	water	443900
17	20	crop	2028800
17	20	grass	222800
17	20	oak	2374900
17	20	pine	1043000
17	20	shrub	826700
17	20	urban	35700
17	20	water	443900
18	1	crop	2032500
18	1	grass	222100
18	1	oak	2363000
18	1	pine	1037900
18	1	shrub	828600
18	1	urban	35700
18	1	water	443900
18	2	crop	2028300
18	2	grass	222700
18	2	oak	2375000
18	2	pine	1042400
18	2	shrub	825800
18	2	urban	35700
18	2	water	443900
18	3	crop	2039400
18	3	grass	222500
18	3	oak	2374600
18	3	pine	1053100
18	3	shrub	829800
18	3	urban	35700
18	3	water	443900
18	4	crop	2038200
18	4	grass	222600
18	4	oak	2374700
18	4	pine	1049600
18	4	shrub	828800
18	4	urban	35700
18	4	water	443900
18	5	crop	2035000
18	5	grass	222500
18	5	oak	2374100
18	5	pine	1050800
18	5	shrub	829400
18	5	urban	35700
18	5	water	443900
18	6	crop	2039100
18	6	grass	222800
18	6	oak	2373200
18	6	pine	1052400
18	6	shrub	829800
18	6	urban	35700
18	6	water	443900
18	7	crop	2040600
18	7	grass	222500
18	7	oak	2373900
18	7	pine	1050300
18	7	shrub	829800
18	7	urban	35700
18	7	water	443900
18	8	crop	2028300
18	8	grass	221700
18	8	oak	2360600
18	8	pine	1035800
18	8	shrub	826400
18	8	urban	35700
18	8	water	443900
18	9	crop	2038900
18	9	grass	222600
18	9	oak	2372400
18	9	pine	1052300
18	9	shrub	829900
18	9	urban	35700
18	9	water	443900
18	10	crop	2040300
18	10	grass	222600
18	10	oak	2374500
18	10	pine	1052700
18	10	shrub	829500
18	10	urban	35700
18	10	water	443900
18	11	crop	2041100
18	11	grass	222300
18	11	oak	2375200
18	11	pine	1053400
18	11	shrub	830300
18	11	urban	35700
18	11	water	443900
18	12	crop	2025500
18	12	grass	222000
18	12	oak	2367900
18	12	pine	1038600
18	12	shrub	824500
18	12	urban	35700
18	12	water	443900
18	13	crop	2033000
18	13	grass	222000
18	13	oak	2365900
18	13	pine	1040000
18	13	shrub	826700
18	13	urban	35700
18	13	water	443900
18	14	crop	2029700
18	14	grass	222500
18	14	oak	2372700
18	14	pine	1046900
18	14	shrub	827500
18	14	urban	35700
18	14	water	443900
18	15	crop	2022500
18	15	grass	220900
18	15	oak	2363800
18	15	pine	1042800
18	15	shrub	826700
18	15	urban	35700
18	15	water	443900
18	16	crop	2018900
18	16	grass	220900
18	16	oak	2356400
18	16	pine	1037200
18	16	shrub	826100
18	16	urban	35700
18	16	water	443900
18	17	crop	2036000
18	17	grass	222400
18	17	oak	2370800
18	17	pine	1046900
18	17	shrub	828700
18	17	urban	35700
18	17	water	443900
18	18	crop	2030800
18	18	grass	222000
18	18	oak	2366200
18	18	pine	1043600
18	18	shrub	828100
18	18	urban	35700
18	18	water	443900
18	19	crop	2033700
18	19	grass	222800
18	19	oak	2373100
18	19	pine	1046400
18	19	shrub	828500
18	19	urban	35700
18	19	water	443900
18	20	crop	2040100
18	20	grass	222300
18	20	oak	2374800
18	20	pine	1053200
18	20	shrub	829500
18	20	urban	35700
18	20	water	443900
19	1	crop	2029800
19	1	grass	222000
19	1	oak	2366000
19	1	pine	1041800
19	1	shrub	828500
19	1	urban	35700
19	1	water	443900
19	2	crop	2025600
19	2	grass	221300
19	2	oak	2360400
19	2	pine	1047300
19	2	shrub	828300
19	2	urban	35700
19	2	water	443900
19	3	crop	2026800
19	3	grass	222400
19	3	oak	2371000
19	3	pine	1041800
19	3	shrub	825800
19	3	urban	35700
19	3	water	443900
19	4	crop	2038500
19	4	grass	222500
19	4	oak	2372300
19	4	pine	1052200
19	4	shrub	830100
19	4	urban	35700
19	4	water	443900
19	5	crop	2023300
19	5	grass	221300
19	5	oak	2348500
19	5	pine	1015300
19	5	shrub	820700
19	5	urban	35700
19	5	water	443900
19	6	crop	2039100
19	6	grass	222700
19	6	oak	2374500
19	6	pine	1052600
19	6	shrub	828700
19	6	urban	35700
19	6	water	443900
19	7	crop	2035800
19	7	grass	222400
19	7	oak	2372300
19	7	pine	1049200
19	7	shrub	828600
19	7	urban	35700
19	7	water	443900
19	8	crop	2031700
19	8	grass	222100
19	8	oak	2366500
19	8	pine	1041100
19	8	shrub	827700
19	8	urban	35700
19	8	water	443900
19	9	crop	2038900
19	9	grass	222800
19	9	oak	2373700
19	9	pine	1048900
19	9	shrub	830000
19	9	urban	35700
19	9	water	443900
19	10	crop	2035500
19	10	grass	222300
19	10	oak	2367100
19	10	pine	1043200
19	10	shrub	828000
19	10	urban	35700
19	10	water	443900
19	11	crop	2040900
19	11	grass	222400
19	11	oak	2375800
19	11	pine	1054200
19	11	shrub	830600
19	11	urban	35700
19	11	water	443900
19	12	crop	2036200
19	12	grass	222600
19	12	oak	2376200
19	12	pine	1051800
19	12	shrub	829200
19	12	urban	35700
19	12	water	443900
19	13	crop	2017600
19	13	grass	222200
19	13	oak	2349100
19	13	pine	1014000
19	13	shrub	822500
19	13	urban	35700
19	13	water	443900
19	14	crop	2032400
19	14	grass	221500
19	14	oak	2367700
19	14	pine	1044500
19	14	shrub	828800
19	14	urban	35700
19	14	water	443900
19	15	crop	2038000
19	15	grass	222500
19	15	oak	2371400
19	15	pine	1049200
19	15	shrub	829500
19	15	urban	35700
19	15	water	443900
19	16	crop	2038400
19	16	grass	222500
19	16	oak	2373000
19	16	pine	1051600
19	16	shrub	829400
19	16	urban	35700
19	16	water	443900
19	17	crop	2022600
19	17	grass	221300
19	17	oak	2351800
19	17	pine	1017600
19	17	shrub	822600
19	17	urban	35700
19	17	water	443900
19	18	crop	2036900
19	18	grass	221800
19	18	oak	2372400
19	18	pine	1051300
19	18	shrub	829300
19	18	urban	35700
19	18	water	443900
19	19	crop	2037200
19	19	grass	221900
19	19	oak	2371300
19	19	pine	1049700
19	19	shrub	828800
19	19	urban	35700
19	19	water	443900
19	20	crop	2039700
19	20	grass	222400
19	20	oak	2374700
19	20	pine	1052300
19	20	shrub	830100
19	20	urban	35700
19	20	water	443900
20	1	crop	2034500
20	1	grass	222200
20	1	oak	2372200
20	1	pine	1051600
20	1	shrub	829500
20	1	urban	35700
20	1	water	443900
20	2	crop	2035300
20	2	grass	221700
20	2	oak	2370300
20	2	pine	1050900
20	2	shrub	829400
20	2	urban	35700
20	2	water	443900
20	3	crop	2037500
20	3	grass	222600
20	3	oak	2374100
20	3	pine	1050200
20	3	shrub	829900
20	3	urban	35700
20	3	water	443900
20	4	crop	2035600
20	4	grass	221900
20	4	oak	2370000
20	4	pine	1050400
20	4	shrub	829100
20	4	urban	35700
20	4	water	443900
20	5	crop	2037800
20	5	grass	222100
20	5	oak	2370900
20	5	pine	1052700
20	5	shrub	829300
20	5	urban	35700
20	5	water	443900
20	6	crop	2042100
20	6	grass	222700
20	6	oak	2376900
20	6	pine	1053200
20	6	shrub	830300
20	6	urban	35700
20	6	water	443900
20	7	crop	2040500
20	7	grass	222800
20	7	oak	2375800
20	7	pine	1051200
20	7	shrub	829500
20	7	urban	35700
20	7	water	443900
20	8	crop	2034200
20	8	grass	221700
20	8	oak	2367800
20	8	pine	1047100
20	8	shrub	828300
20	8	urban	35700
20	8	water	443900
20	9	crop	2035200
20	9	grass	222500
20	9	oak	2372600
20	9	pine	1046300
20	9	shrub	827800
20	9	urban	35700
20	9	water	443900
20	10	crop	2041100
20	10	grass	222700
20	10	oak	2375700
20	10	pine	1053600
20	10	shrub	830300
20	10	urban	35700
20	10	water	443900
20	11	crop	2037900
20	11	grass	222300
20	11	oak	2373500
20	11	pine	1049900
20	11	shrub	829300
20	11	urban	35700
20	11	water	443900
20	12	crop	2036600
20	12	grass	222200
20	12	oak	2372000
20	12	pine	1048500
20	12	shrub	829300
20	12	urban	35700
20	12	water	443900
20	13	crop	2036700
20	13	grass	222200
20	13	oak	2369600
20	13	pine	1047600
20	13	shrub	828600
20	13	urban	35700
20	13	water	443900
20	14	crop	2035800
20	14	grass	221700
20	14	oak	2370300
20	14	pine	1050500
20	14	shrub	829600
20	14	urban	35700
20	14	water	443900
20	15	crop	2035200
20	15	grass	222600
20	15	oak	2371500
20	15	pine	1050300
20	15	shrub	828300
20	15	urban	35700
20	15	water	443900
20	16	crop	2041100
20	16	grass	222800
20	16	oak	2376500
20	16	pine	1053900
20	16	shrub	829400
20	16	urban	35700
20	16	water	443900
20	17	crop	2039100
20	17	grass	222700
20	17	oak	2375500
20	17	pine	1053400
20	17	shrub	830400
20	17	urban	35700
20	17	water	443900
20	18	crop	2026700
20	18	grass	222600
20	18	oak	2372400
20	18	pine	1037700
20	18	shrub	826100
20	18	urban	35700
20	18	water	443900
20	19	crop	2032300
20	19	grass	222500
20	19	oak	2369600
20	19	pine	1040200
20	19	shrub	826900
20	19	urban	35700
20	19	water	443900
20	20	crop	2031900
20	20	grass	222800
20	20	oak	2375100
20	20	pine	1044600
20	20	shrub	826600
20	20	urban	35700
20	20	water	443900
21	1	crop	2023300
21	1	grass	222500
21	1	oak	2369900
21	1	pine	1043400
21	1	shrub	825800
21	1	urban	35700
21	1	water	443900
21	2	crop	2039400
21	2	grass	222600
21	2	oak	2372600
21	2	pine	1050000
21	2	shrub	828700
21	2	urban	35700
21	2	water	443900
21	3	crop	2032500
21	3	grass	221700
21	3	oak	2363800
21	3	pine	1044500
21	3	shrub	828400
21	3	urban	35700
21	3	water	443900
21	4	crop	2031800
21	4	grass	222000
21	4	oak	2364300
21	4	pine	1041100
21	4	shrub	828100
21	4	urban	35700
21	4	water	443900
21	5	crop	2034500
21	5	grass	222700
21	5	oak	2375000
21	5	pine	1049200
21	5	shrub	828500
21	5	urban	35700
21	5	water	443900
21	6	crop	2039500
21	6	grass	222500
21	6	oak	2375400
21	6	pine	1051800
21	6	shrub	829600
21	6	urban	35700
21	6	water	443900
21	7	crop	2041200
21	7	grass	222800
21	7	oak	2376700
21	7	pine	1054700
21	7	shrub	830500
21	7	urban	35700
21	7	water	443900
21	8	crop	2039800
21	8	grass	222700
21	8	oak	2374300
21	8	pine	1052300
21	8	shrub	830000
21	8	urban	35700
21	8	water	443900
21	9	crop	2037100
21	9	grass	222400
21	9	oak	2372400
21	9	pine	1052600
21	9	shrub	829000
21	9	urban	35700
21	9	water	443900
21	10	crop	2039100
21	10	grass	222700
21	10	oak	2374100
21	10	pine	1050300
21	10	shrub	828100
21	10	urban	35700
21	10	water	443900
21	11	crop	2023700
21	11	grass	222200
21	11	oak	2368500
21	11	pine	1037600
21	11	shrub	823400
21	11	urban	35700
21	11	water	443900
21	12	crop	2023500
21	12	grass	220700
21	12	oak	2359100
21	12	pine	1043400
21	12	shrub	826300
21	12	urban	35700
21	12	water	443900
21	13	crop	2041100
21	13	grass	222300
21	13	oak	2375800
21	13	pine	1054600
21	13	shrub	830200
21	13	urban	35700
21	13	water	443900
21	14	crop	2030800
21	14	grass	222100
21	14	oak	2372900
21	14	pine	1048900
21	14	shrub	828500
21	14	urban	35700
21	14	water	443900
21	15	crop	2023000
21	15	grass	221100
21	15	oak	2362300
21	15	pine	1046500
21	15	shrub	828800
21	15	urban	35700
21	15	water	443900
21	16	crop	2041200
21	16	grass	222700
21	16	oak	2374200
21	16	pine	1053700
21	16	shrub	830400
21	16	urban	35700
21	16	water	443900
21	17	crop	2032300
21	17	grass	222800
21	17	oak	2375800
21	17	pine	1047100
21	17	shrub	826200
21	17	urban	35700
21	17	water	443900
21	18	crop	2036700
21	18	grass	221900
21	18	oak	2373500
21	18	pine	1049900
21	18	shrub	828500
21	18	urban	35700
21	18	water	443900
21	19	crop	2041100
21	19	grass	222500
21	19	oak	2374600
21	19	pine	1052600
21	19	shrub	830500
21	19	urban	35700
21	19	water	443900
21	20	crop	2037300
21	20	grass	222500
21	20	oak	2373800
21	20	pine	1050200
21	20	shrub	830200
21	20	urban	35700
21	20	water	443900
22	1	crop	2033800
22	1	grass	222300
22	1	oak	2371300
22	1	pine	1045700
22	1	shrub	829300
22	1	urban	35700
22	1	water	443900
22	2	crop	2040000
22	2	grass	222600
22	2	oak	2374800
22	2	pine	1053300
22	2	shrub	830700
22	2	urban	35700
22	2	water	443900
22	3	crop	2034400
22	3	grass	222200
22	3	oak	2370400
22	3	pine	1045900
22	3	shrub	828200
22	3	urban	35700
22	3	water	443900
22	4	crop	2034800
22	4	grass	222400
22	4	oak	2368200
22	4	pine	1042300
22	4	shrub	827400
22	4	urban	35700
22	4	water	443900
22	5	crop	2038200
22	5	grass	222800
22	5	oak	2376700
22	5	pine	1050800
22	5	shrub	829400
22	5	urban	35700
22	5	water	443900
22	6	crop	2040300
22	6	grass	222700
22	6	oak	2375900
22	6	pine	1052900
22	6	shrub	830300
22	6	urban	35700
22	6	water	443900
22	7	crop	2038500
22	7	grass	222800
22	7	oak	2375300
22	7	pine	1051300
22	7	shrub	829400
22	7	urban	35700
22	7	water	443900
22	8	crop	2028500
22	8	grass	222000
22	8	oak	2363700
22	8	pine	1041700
22	8	shrub	827600
22	8	urban	35700
22	8	water	443900
22	9	crop	2028500
22	9	grass	222700
22	9	oak	2373000
22	9	pine	1042700
22	9	shrub	826300
22	9	urban	35700
22	9	water	443900
22	10	crop	2034100
22	10	grass	222000
22	10	oak	2370000
22	10	pine	1043700
22	10	shrub	824700
22	10	urban	35700
22	10	water	443900
22	11	crop	2036900
22	11	grass	222500
22	11	oak	2372700
22	11	pine	1050900
22	11	shrub	829000
22	11	urban	35700
22	11	water	443900
22	12	crop	2035000
22	12	grass	222200
22	12	oak	2369900
22	12	pine	1044800
22	12	shrub	829400
22	12	urban	35700
22	12	water	443900
22	13	crop	2033700
22	13	grass	222400
22	13	oak	2370600
22	13	pine	1042300
22	13	shrub	827400
22	13	urban	35700
22	13	water	443900
22	14	crop	2025700
22	14	grass	222200
22	14	oak	2360700
22	14	pine	1028700
22	14	shrub	825800
22	14	urban	35700
22	14	water	443900
22	15	crop	2038900
22	15	grass	222300
22	15	oak	2376100
22	15	pine	1052200
22	15	shrub	829800
22	15	urban	35700
22	15	water	443900
22	16	crop	2038500
22	16	grass	222600
22	16	oak	2372000
22	16	pine	1051600
22	16	shrub	829500
22	16	urban	35700
22	16	water	443900
22	17	crop	2041400
22	17	grass	222800
22	17	oak	2376600
22	17	pine	1054000
22	17	shrub	830600
22	17	urban	35700
22	17	water	443900
22	18	crop	2038000
22	18	grass	222700
22	18	oak	2372700
22	18	pine	1051700
22	18	shrub	829600
22	18	urban	35700
22	18	water	443900
22	19	crop	2028800
22	19	grass	222300
22	19	oak	2369700
22	19	pine	1047000
22	19	shrub	828000
22	19	urban	35700
22	19	water	443900
22	20	crop	2027300
22	20	grass	222800
22	20	oak	2374800
22	20	pine	1042500
22	20	shrub	826100
22	20	urban	35700
22	20	water	443900
23	1	crop	2036300
23	1	grass	222700
23	1	oak	2374900
23	1	pine	1045500
23	1	shrub	828800
23	1	urban	35700
23	1	water	443900
23	2	crop	2034200
23	2	grass	222500
23	2	oak	2373000
23	2	pine	1051200
23	2	shrub	829000
23	2	urban	35700
23	2	water	443900
23	3	crop	2039500
23	3	grass	222600
23	3	oak	2376000
23	3	pine	1051400
23	3	shrub	830200
23	3	urban	35700
23	3	water	443900
23	4	crop	2033900
23	4	grass	222100
23	4	oak	2371100
23	4	pine	1047600
23	4	shrub	828000
23	4	urban	35700
23	4	water	443900
23	5	crop	2035900
23	5	grass	222400
23	5	oak	2373900
23	5	pine	1050300
23	5	shrub	830000
23	5	urban	35700
23	5	water	443900
23	6	crop	2022300
23	6	grass	222100
23	6	oak	2347600
23	6	pine	1018300
23	6	shrub	823700
23	6	urban	35700
23	6	water	443900
23	7	crop	2037900
23	7	grass	222700
23	7	oak	2373000
23	7	pine	1050000
23	7	shrub	829000
23	7	urban	35700
23	7	water	443900
23	8	crop	2038500
23	8	grass	222200
23	8	oak	2373100
23	8	pine	1050700
23	8	shrub	828900
23	8	urban	35700
23	8	water	443900
23	9	crop	2040900
23	9	grass	222600
23	9	oak	2373800
23	9	pine	1052100
23	9	shrub	830000
23	9	urban	35700
23	9	water	443900
23	10	crop	2039200
23	10	grass	222500
23	10	oak	2375300
23	10	pine	1053900
23	10	shrub	829800
23	10	urban	35700
23	10	water	443900
23	11	crop	2037200
23	11	grass	222100
23	11	oak	2372700
23	11	pine	1050700
23	11	shrub	830200
23	11	urban	35700
23	11	water	443900
23	12	crop	2038700
23	12	grass	222800
23	12	oak	2371800
23	12	pine	1051600
23	12	shrub	829000
23	12	urban	35700
23	12	water	443900
23	13	crop	2035700
23	13	grass	222100
23	13	oak	2367100
23	13	pine	1044300
23	13	shrub	828700
23	13	urban	35700
23	13	water	443900
23	14	crop	2037000
23	14	grass	222600
23	14	oak	2370900
23	14	pine	1048300
23	14	shrub	829000
23	14	urban	35700
23	14	water	443900
23	15	crop	2030900
23	15	grass	222500
23	15	oak	2359600
23	15	pine	1039100
23	15	shrub	826900
23	15	urban	35700
23	15	water	443900
23	16	crop	2037200
23	16	grass	222500
23	16	oak	2372200
23	16	pine	1048000
23	16	shrub	829700
23	16	urban	35700
23	16	water	443900
23	17	crop	2020700
23	17	grass	222000
23	17	oak	2368200
23	17	pine	1033800
23	17	shrub	822200
23	17	urban	35700
23	17	water	443900
23	18	crop	2030200
23	18	grass	222000
23	18	oak	2360300
23	18	pine	1033100
23	18	shrub	825700
23	18	urban	35700
23	18	water	443900
23	19	crop	2041000
23	19	grass	222800
23	19	oak	2377500
23	19	pine	1053800
23	19	shrub	829800
23	19	urban	35700
23	19	water	443900
23	20	crop	2038200
23	20	grass	222500
23	20	oak	2375100
23	20	pine	1051300
23	20	shrub	829800
23	20	urban	35700
23	20	water	443900
24	1	crop	2034500
24	1	grass	222500
24	1	oak	2368300
24	1	pine	1044100
24	1	shrub	829100
24	1	urban	35700
24	1	water	443900
24	2	crop	2038800
24	2	grass	222400
24	2	oak	2374700
24	2	pine	1053300
24	2	shrub	830000
24	2	urban	35700
24	2	water	443900
24	3	crop	2040900
24	3	grass	222700
24	3	oak	2376000
24	3	pine	1052600
24	3	shrub	830200
24	3	urban	35700
24	3	water	443900
24	4	crop	2037300
24	4	grass	222700
24	4	oak	2376200
24	4	pine	1050300
24	4	shrub	829400
24	4	urban	35700
24	4	water	443900
24	5	crop	2024400
24	5	grass	221500
24	5	oak	2343000
24	5	pine	1011700
24	5	shrub	821900
24	5	urban	35700
24	5	water	443900
24	6	crop	2039300
24	6	grass	222800
24	6	oak	2374500
24	6	pine	1050900
24	6	shrub	828900
24	6	urban	35700
24	6	water	443900
24	7	crop	2038100
24	7	grass	222700
24	7	oak	2375200
24	7	pine	1051000
24	7	shrub	829100
24	7	urban	35700
24	7	water	443900
24	8	crop	2029500
24	8	grass	222700
24	8	oak	2373700
24	8	pine	1042800
24	8	shrub	826700
24	8	urban	35700
24	8	water	443900
24	9	crop	2021100
24	9	grass	221200
24	9	oak	2349700
24	9	pine	1017700
24	9	shrub	823500
24	9	urban	35700
24	9	water	443900
24	10	crop	2033000
24	10	grass	222800
24	10	oak	2374900
24	10	pine	1048700
24	10	shrub	828200
24	10	urban	35700
24	10	water	443900
24	11	crop	2040700
24	11	grass	222800
24	11	oak	2376500
24	11	pine	1054300
24	11	shrub	830300
24	11	urban	35700
24	11	water	443900
24	12	crop	2037200
24	12	grass	222300
24	12	oak	2369100
24	12	pine	1044200
24	12	shrub	828800
24	12	urban	35700
24	12	water	443900
24	13	crop	2036500
24	13	grass	222300
24	13	oak	2371500
24	13	pine	1049900
24	13	shrub	829300
24	13	urban	35700
24	13	water	443900
24	14	crop	2035400
24	14	grass	221700
24	14	oak	2369300
24	14	pine	1049200
24	14	shrub	829200
24	14	urban	35700
24	14	water	443900
24	15	crop	2036300
24	15	grass	222500
24	15	oak	2373900
24	15	pine	1050800
24	15	shrub	829500
24	15	urban	35700
24	15	water	443900
24	16	crop	2034000
24	16	grass	222300
24	16	oak	2374100
24	16	pine	1051500
24	16	shrub	829500
24	16	urban	35700
24	16	water	443900
24	17	crop	2025600
24	17	grass	219800
24	17	oak	2362600
24	17	pine	1045800
24	17	shrub	827700
24	17	urban	35700
24	17	water	443900
24	18	crop	2037900
24	18	grass	222700
24	18	oak	2369300
24	18	pine	1046000
24	18	shrub	828100
24	18	urban	35700
24	18	water	443900
24	19	crop	2039100
24	19	grass	222400
24	19	oak	2373200
24	19	pine	1052400
24	19	shrub	830200
24	19	urban	35700
24	19	water	443900
24	20	crop	2040700
24	20	grass	222700
24	20	oak	2375600
24	20	pine	1053100
24	20	shrub	830500
24	20	urban	35700
24	20	water	443900
25	1	crop	2027700
25	1	grass	222200
25	1	oak	2366100
25	1	pine	1039900
25	1	shrub	827600
25	1	urban	35700
25	1	water	443900
25	2	crop	2039600
25	2	grass	222600
25	2	oak	2375500
25	2	pine	1052600
25	2	shrub	830100
25	2	urban	35700
25	2	water	443900
25	3	crop	2036200
25	3	grass	222500
25	3	oak	2367300
25	3	pine	1044000
25	3	shrub	828700
25	3	urban	35700
25	3	water	443900
25	4	crop	2040500
25	4	grass	222600
25	4	oak	2375100
25	4	pine	1053600
25	4	shrub	829900
25	4	urban	35700
25	4	water	443900
25	5	crop	2035600
25	5	grass	222600
25	5	oak	2373200
25	5	pine	1045300
25	5	shrub	827500
25	5	urban	35700
25	5	water	443900
25	6	crop	2037400
25	6	grass	222400
25	6	oak	2373200
25	6	pine	1050800
25	6	shrub	830000
25	6	urban	35700
25	6	water	443900
25	7	crop	2032300
25	7	grass	222500
25	7	oak	2367600
25	7	pine	1038100
25	7	shrub	827900
25	7	urban	35700
25	7	water	443900
25	8	crop	2039000
25	8	grass	222700
25	8	oak	2377100
25	8	pine	1052900
25	8	shrub	830100
25	8	urban	35700
25	8	water	443900
25	9	crop	2039800
25	9	grass	222700
25	9	oak	2374100
25	9	pine	1052800
25	9	shrub	830200
25	9	urban	35700
25	9	water	443900
25	10	crop	2041000
25	10	grass	222700
25	10	oak	2376800
25	10	pine	1052700
25	10	shrub	830000
25	10	urban	35700
25	10	water	443900
25	11	crop	2039600
25	11	grass	222600
25	11	oak	2376000
25	11	pine	1053600
25	11	shrub	830600
25	11	urban	35700
25	11	water	443900
25	12	crop	2035300
25	12	grass	222400
25	12	oak	2369900
25	12	pine	1042200
25	12	shrub	827800
25	12	urban	35700
25	12	water	443900
25	13	crop	2040200
25	13	grass	222800
25	13	oak	2376100
25	13	pine	1052300
25	13	shrub	830300
25	13	urban	35700
25	13	water	443900
25	14	crop	2034200
25	14	grass	222400
25	14	oak	2366200
25	14	pine	1042300
25	14	shrub	828000
25	14	urban	35700
25	14	water	443900
25	15	crop	2040700
25	15	grass	222800
25	15	oak	2376400
25	15	pine	1053300
25	15	shrub	830000
25	15	urban	35700
25	15	water	443900
25	16	crop	2028900
25	16	grass	221200
25	16	oak	2360200
25	16	pine	1043200
25	16	shrub	827300
25	16	urban	35700
25	16	water	443900
25	17	crop	2039000
25	17	grass	222600
25	17	oak	2373400
25	17	pine	1052400
25	17	shrub	829300
25	17	urban	35700
25	17	water	443900
25	18	crop	2039700
25	18	grass	222500
25	18	oak	2375400
25	18	pine	1053600
25	18	shrub	830200
25	18	urban	35700
25	18	water	443900
25	19	crop	2022600
25	19	grass	221300
25	19	oak	2353200
25	19	pine	1023100
25	19	shrub	823800
25	19	urban	35700
25	19	water	443900
25	20	crop	2036900
25	20	grass	222300
25	20	oak	2371400
25	20	pine	1048100
25	20	shrub	829700
25	20	urban	35700
25	20	water	443900
26	1	crop	2032300
26	1	grass	221500
26	1	oak	2366800
26	1	pine	1048300
26	1	shrub	828600
26	1	urban	35700
26	1	water	443900
26	2	crop	2037100
26	2	grass	222800
26	2	oak	2373200
26	2	pine	1048600
26	2	shrub	829500
26	2	urban	35700
26	2	water	443900
26	3	crop	2040000
26	3	grass	222600
26	3	oak	2374400
26	3	pine	1051400
26	3	shrub	830000
26	3	urban	35700
26	3	water	443900
26	4	crop	2033400
26	4	grass	222200
26	4	oak	2364500
26	4	pine	1041100
26	4	shrub	827100
26	4	urban	35700
26	4	water	443900
26	5	crop	2034300
26	5	grass	222200
26	5	oak	2365000
26	5	pine	1037200
26	5	shrub	826400
26	5	urban	35700
26	5	water	443900
26	6	crop	2042200
26	6	grass	222800
26	6	oak	2376700
26	6	pine	1054200
26	6	shrub	830300
26	6	urban	35700
26	6	water	443900
26	7	crop	2036400
26	7	grass	222400
26	7	oak	2372600
26	7	pine	1051200
26	7	shrub	829800
26	7	urban	35700
26	7	water	443900
26	8	crop	2035600
26	8	grass	222500
26	8	oak	2373100
26	8	pine	1048700
26	8	shrub	827400
26	8	urban	35700
26	8	water	443900
26	9	crop	2040400
26	9	grass	222400
26	9	oak	2375400
26	9	pine	1053400
26	9	shrub	829200
26	9	urban	35700
26	9	water	443900
26	10	crop	2031500
26	10	grass	221300
26	10	oak	2368000
26	10	pine	1044900
26	10	shrub	827800
26	10	urban	35700
26	10	water	443900
26	11	crop	2040500
26	11	grass	222500
26	11	oak	2374900
26	11	pine	1052300
26	11	shrub	829600
26	11	urban	35700
26	11	water	443900
26	12	crop	2038800
26	12	grass	222500
26	12	oak	2374400
26	12	pine	1050800
26	12	shrub	829800
26	12	urban	35700
26	12	water	443900
26	13	crop	2027000
26	13	grass	222600
26	13	oak	2368700
26	13	pine	1041900
26	13	shrub	826200
26	13	urban	35700
26	13	water	443900
26	14	crop	2037000
26	14	grass	222500
26	14	oak	2368900
26	14	pine	1050600
26	14	shrub	829400
26	14	urban	35700
26	14	water	443900
26	15	crop	2033300
26	15	grass	222300
26	15	oak	2366400
26	15	pine	1037500
26	15	shrub	826000
26	15	urban	35700
26	15	water	443900
26	16	crop	2032500
26	16	grass	222400
26	16	oak	2373200
26	16	pine	1047700
26	16	shrub	827700
26	16	urban	35700
26	16	water	443900
26	17	crop	2036900
26	17	grass	222500
26	17	oak	2372500
26	17	pine	1047900
26	17	shrub	829700
26	17	urban	35700
26	17	water	443900
26	18	crop	2036800
26	18	grass	222700
26	18	oak	2371300
26	18	pine	1047000
26	18	shrub	829100
26	18	urban	35700
26	18	water	443900
26	19	crop	2040300
26	19	grass	222700
26	19	oak	2377000
26	19	pine	1052300
26	19	shrub	830400
26	19	urban	35700
26	19	water	443900
26	20	crop	2035900
26	20	grass	222600
26	20	oak	2370900
26	20	pine	1049400
26	20	shrub	829600
26	20	urban	35700
26	20	water	443900
27	1	crop	2039500
27	1	grass	222500
27	1	oak	2373800
27	1	pine	1049900
27	1	shrub	829700
27	1	urban	35700
27	1	water	443900
27	2	crop	2031000
27	2	grass	222600
27	2	oak	2372600
27	2	pine	1045200
27	2	shrub	827300
27	2	urban	35700
27	2	water	443900
27	3	crop	2020900
27	3	grass	221200
27	3	oak	2341300
27	3	pine	1011300
27	3	shrub	822000
27	3	urban	35700
27	3	water	443900
27	4	crop	2038000
27	4	grass	222500
27	4	oak	2374600
27	4	pine	1051500
27	4	shrub	829300
27	4	urban	35700
27	4	water	443900
27	5	crop	2033600
27	5	grass	222500
27	5	oak	2367100
27	5	pine	1042100
27	5	shrub	828100
27	5	urban	35700
27	5	water	443900
27	6	crop	2032700
27	6	grass	222400
27	6	oak	2372300
27	6	pine	1045400
27	6	shrub	828500
27	6	urban	35700
27	6	water	443900
27	7	crop	2038600
27	7	grass	222500
27	7	oak	2374700
27	7	pine	1052600
27	7	shrub	830200
27	7	urban	35700
27	7	water	443900
27	8	crop	2023000
27	8	grass	220900
27	8	oak	2361300
27	8	pine	1045100
27	8	shrub	826900
27	8	urban	35700
27	8	water	443900
27	9	crop	2029500
27	9	grass	221600
27	9	oak	2367300
27	9	pine	1045300
27	9	shrub	826700
27	9	urban	35700
27	9	water	443900
27	10	crop	2039900
27	10	grass	222700
27	10	oak	2374400
27	10	pine	1052500
27	10	shrub	830200
27	10	urban	35700
27	10	water	443900
27	11	crop	2039800
27	11	grass	222200
27	11	oak	2373300
27	11	pine	1052000
27	11	shrub	830100
27	11	urban	35700
27	11	water	443900
27	12	crop	2036900
27	12	grass	222800
27	12	oak	2372700
27	12	pine	1048100
27	12	shrub	829500
27	12	urban	35700
27	12	water	443900
27	13	crop	2037400
27	13	grass	222500
27	13	oak	2375800
27	13	pine	1050200
27	13	shrub	829000
27	13	urban	35700
27	13	water	443900
27	14	crop	2019000
27	14	grass	221900
27	14	oak	2339400
27	14	pine	1012300
27	14	shrub	823500
27	14	urban	35700
27	14	water	443900
27	15	crop	2035800
27	15	grass	222400
27	15	oak	2368700
27	15	pine	1044000
27	15	shrub	828000
27	15	urban	35700
27	15	water	443900
27	16	crop	2037900
27	16	grass	222500
27	16	oak	2373500
27	16	pine	1053100
27	16	shrub	830400
27	16	urban	35700
27	16	water	443900
27	17	crop	2022100
27	17	grass	220800
27	17	oak	2361300
27	17	pine	1042500
27	17	shrub	826300
27	17	urban	35700
27	17	water	443900
27	18	crop	2029200
27	18	grass	222700
27	18	oak	2372500
27	18	pine	1044000
27	18	shrub	825000
27	18	urban	35700
27	18	water	443900
27	19	crop	2022800
27	19	grass	221000
27	19	oak	2360600
27	19	pine	1044400
27	19	shrub	828300
27	19	urban	35700
27	19	water	443900
27	20	crop	2039100
27	20	grass	222400
27	20	oak	2372100
27	20	pine	1052700
27	20	shrub	830500
27	20	urban	35700
27	20	water	443900
28	1	crop	2033200
28	1	grass	221800
28	1	oak	2369200
28	1	pine	1048700
28	1	shrub	828700
28	1	urban	35700
28	1	water	443900
28	2	crop	2031100
28	2	grass	222300
28	2	oak	2367700
28	2	pine	1042600
28	2	shrub	827500
28	2	urban	35700
28	2	water	443900
28	3	crop	2035800
28	3	grass	222300
28	3	oak	2372800
28	3	pine	1052400
28	3	shrub	829900
28	3	urban	35700
28	3	water	443900
28	4	crop	2036300
28	4	grass	222200
28	4	oak	2368000
28	4	pine	1042800
28	4	shrub	827300
28	4	urban	35700
28	4	water	443900
28	5	crop	2038000
28	5	grass	222100
28	5	oak	2372400
28	5	pine	1048400
28	5	shrub	829000
28	5	urban	35700
28	5	water	443900
28	6	crop	2033800
28	6	grass	222200
28	6	oak	2369300
28	6	pine	1040500
28	6	shrub	829000
28	6	urban	35700
28	6	water	443900
28	7	crop	2038400
28	7	grass	222800
28	7	oak	2375000
28	7	pine	1051000
28	7	shrub	829800
28	7	urban	35700
28	7	water	443900
28	8	crop	2022600
28	8	grass	221400
28	8	oak	2347500
28	8	pine	1015700
28	8	shrub	823800
28	8	urban	35700
28	8	water	443900
28	9	crop	2033500
28	9	grass	221900
28	9	oak	2363700
28	9	pine	1044500
28	9	shrub	827600
28	9	urban	35700
28	9	water	443900
28	10	crop	2034600
28	10	grass	222600
28	10	oak	2374400
28	10	pine	1050000
28	10	shrub	828200
28	10	urban	35700
28	10	water	443900
28	11	crop	2042400
28	11	grass	222800
28	11	oak	2377300
28	11	pine	1054500
28	11	shrub	830800
28	11	urban	35700
28	11	water	443900
28	12	crop	2038700
28	12	grass	222700
28	12	oak	2374600
28	12	pine	1052600
28	12	shrub	830300
28	12	urban	35700
28	12	water	443900
28	13	crop	2040600
28	13	grass	222700
28	13	oak	2371900
28	13	pine	1048900
28	13	shrub	829500
28	13	urban	35700
28	13	water	443900
28	14	crop	2031900
28	14	grass	221900
28	14	oak	2370400
28	14	pine	1049100
28	14	shrub	828700
28	14	urban	35700
28	14	water	443900
28	15	crop	2037900
28	15	grass	222600
28	15	oak	2374400
28	15	pine	1049400
28	15	shrub	828700
28	15	urban	35700
28	15	water	443900
28	16	crop	2036700
28	16	grass	222500
28	16	oak	2372000
28	16	pine	1051100
28	16	shrub	829100
28	16	urban	35700
28	16	water	443900
28	17	crop	2021600
28	17	grass	220800
28	17	oak	2362400
28	17	pine	1045700
28	17	shrub	828500
28	17	urban	35700
28	17	water	443900
28	18	crop	2039400
28	18	grass	222800
28	18	oak	2372700
28	18	pine	1051200
28	18	shrub	830200
28	18	urban	35700
28	18	water	443900
28	19	crop	2034400
28	19	grass	222200
28	19	oak	2373100
28	19	pine	1045700
28	19	shrub	829300
28	19	urban	35700
28	19	water	443900
28	20	crop	2026300
28	20	grass	222500
28	20	oak	2366600
28	20	pine	1036600
28	20	shrub	825600
28	20	urban	35700
28	20	water	443900
29	1	crop	2037400
29	1	grass	222000
29	1	oak	2371700
29	1	pine	1048300
29	1	shrub	829900
29	1	urban	35700
29	1	water	443900
29	2	crop	2034100
29	2	grass	222200
29	2	oak	2369500
29	2	pine	1038100
29	2	shrub	826200
29	2	urban	35700
29	2	water	443900
29	3	crop	2035700
29	3	grass	222500
29	3	oak	2374000
29	3	pine	1050400
29	3	shrub	828800
29	3	urban	35700
29	3	water	443900
29	4	crop	2035700
29	4	grass	222400
29	4	oak	2363500
29	4	pine	1040200
29	4	shrub	828600
29	4	urban	35700
29	4	water	443900
29	5	crop	2041700
29	5	grass	222800
29	5	oak	2376500
29	5	pine	1051000
29	5	shrub	829100
29	5	urban	35700
29	5	water	443900
29	6	crop	2035600
29	6	grass	222400
29	6	oak	2370500
29	6	pine	1047600
29	6	shrub	828800
29	6	urban	35700
29	6	water	443900
29	7	crop	2037500
29	7	grass	222600
29	7	oak	2376000
29	7	pine	1051800
29	7	shrub	829700
29	7	urban	35700
29	7	water	443900
29	8	crop	2031200
29	8	grass	221600
29	8	oak	2364600
29	8	pine	1042900
29	8	shrub	827000
29	8	urban	35700
29	8	water	443900
29	9	crop	2037500
29	9	grass	222400
29	9	oak	2373100
29	9	pine	1052000
29	9	shrub	829700
29	9	urban	35700
29	9	water	443900
29	10	crop	2034100
29	10	grass	222300
29	10	oak	2366300
29	10	pine	1042100
29	10	shrub	828600
29	10	urban	35700
29	10	water	443900
29	11	crop	2036900
29	11	grass	222300
29	11	oak	2373400
29	11	pine	1052400
29	11	shrub	830000
29	11	urban	35700
29	11	water	443900
29	12	crop	2037800
29	12	grass	222300
29	12	oak	2373500
29	12	pine	1050900
29	12	shrub	829200
29	12	urban	35700
29	12	water	443900
29	13	crop	2033600
29	13	grass	221800
29	13	oak	2368700
29	13	pine	1043600
29	13	shrub	828400
29	13	urban	35700
29	13	water	443900
29	14	crop	2039500
29	14	grass	222600
29	14	oak	2373600
29	14	pine	1052600
29	14	shrub	830400
29	14	urban	35700
29	14	water	443900
29	15	crop	2030800
29	15	grass	221900
29	15	oak	2366100
29	15	pine	1043300
29	15	shrub	826200
29	15	urban	35700
29	15	water	443900
29	16	crop	2038000
29	16	grass	222500
29	16	oak	2372800
29	16	pine	1052600
29	16	shrub	829600
29	16	urban	35700
29	16	water	443900
29	17	crop	2027300
29	17	grass	221400
29	17	oak	2362300
29	17	pine	1040100
29	17	shrub	827700
29	17	urban	35700
29	17	water	443900
29	18	crop	2040500
29	18	grass	222600
29	18	oak	2374900
29	18	pine	1052900
29	18	shrub	830200
29	18	urban	35700
29	18	water	443900
29	19	crop	2038300
29	19	grass	222700
29	19	oak	2373600
29	19	pine	1051300
29	19	shrub	830000
29	19	urban	35700
29	19	water	443900
29	20	crop	2040800
29	20	grass	222700
29	20	oak	2376700
29	20	pine	1051800
29	20	shrub	829900
29	20	urban	35700
29	20	water	443900
30	1	crop	2037000
30	1	grass	222200
30	1	oak	2374300
30	1	pine	1046900
30	1	shrub	828300
30	1	urban	35700
30	1	water	443900
30	2	crop	2034600
30	2	grass	222100
30	2	oak	2373500
30	2	pine	1052300
30	2	shrub	829100
30	2	urban	35700
30	2	water	443900
30	3	crop	2037000
30	3	grass	222400
30	3	oak	2371000
30	3	pine	1045000
30	3	shrub	829300
30	3	urban	35700
30	3	water	443900
30	4	crop	2010700
30	4	grass	221400
30	4	oak	2354700
30	4	pine	1028600
30	4	shrub	821900
30	4	urban	35700
30	4	water	443900
30	5	crop	2038100
30	5	grass	222100
30	5	oak	2373500
30	5	pine	1049700
30	5	shrub	830000
30	5	urban	35700
30	5	water	443900
30	6	crop	2038000
30	6	grass	222800
30	6	oak	2377400
30	6	pine	1052800
30	6	shrub	829500
30	6	urban	35700
30	6	water	443900
30	7	crop	2035400
30	7	grass	221700
30	7	oak	2372300
30	7	pine	1050500
30	7	shrub	829100
30	7	urban	35700
30	7	water	443900
30	8	crop	2028100
30	8	grass	222500
30	8	oak	2368600
30	8	pine	1032900
30	8	shrub	824900
30	8	urban	35700
30	8	water	443900
30	9	crop	2040800
30	9	grass	222800
30	9	oak	2375200
30	9	pine	1053600
30	9	shrub	829900
30	9	urban	35700
30	9	water	443900
30	10	crop	2040100
30	10	grass	222700
30	10	oak	2375000
30	10	pine	1052400
30	10	shrub	830400
30	10	urban	35700
30	10	water	443900
30	11	crop	2033500
30	11	grass	222600
30	11	oak	2366600
30	11	pine	1049900
30	11	shrub	829700
30	11	urban	35700
30	11	water	443900
30	12	crop	2034000
30	12	grass	222300
30	12	oak	2366000
30	12	pine	1041900
30	12	shrub	828300
30	12	urban	35700
30	12	water	443900
30	13	crop	2033600
30	13	grass	221900
30	13	oak	2370200
30	13	pine	1049900
30	13	shrub	830100
30	13	urban	35700
30	13	water	443900
30	14	crop	2021900
30	14	grass	220300
30	14	oak	2364700
30	14	pine	1046700
30	14	shrub	828000
30	14	urban	35700
30	14	water	443900
30	15	crop	2038300
30	15	grass	222000
30	15	oak	2375200
30	15	pine	1052400
30	15	shrub	829500
30	15	urban	35700
30	15	water	443900
30	16	crop	2031700
30	16	grass	222300
30	16	oak	2361900
30	16	pine	1034900
30	16	shrub	827100
30	16	urban	35700
30	16	water	443900
30	17	crop	2040900
30	17	grass	222700
30	17	oak	2375600
30	17	pine	1051800
30	17	shrub	830000
30	17	urban	35700
30	17	water	443900
30	18	crop	2039200
30	18	grass	222400
30	18	oak	2375200
30	18	pine	1052300
30	18	shrub	830000
30	18	urban	35700
30	18	water	443900
30	19	crop	2038800
30	19	grass	222400
30	19	oak	2372300
30	19	pine	1052800
30	19	shrub	829300
30	19	urban	35700
30	19	water	443900
30	20	crop	2030200
30	20	grass	221400
30	20	oak	2364800
30	20	pine	1041800
30	20	shrub	828400
30	20	urban	35700
30	20	water	443900
